## Format: (1) availability				                   ##
## Format: (2) cost						              ##
## Format: (3) reputation					              ##
## Format: (4) responsetime						        ##
0.332987638041365,0.942751596169106,0.487936391587237,0.439419220230981
0.284772621586955,0.574031232952497,0.801145506936666,0.244681460851522
0.444137519160031,0.760054129199568,0.0675627133385645,0.384823408969335
0.744905557763545,0.14750659533964,0.537328516508183,0.626138461082759
0.363592500580053,0.221459860230746,0.560916635515006,0.438856594658589
0.514509854817111,0.576424711719629,0.597467465967343,0.34310286261045
0.375347794683569,0.468708579035234,0.488246558796162,0.568977247249498
0.615845913479163,0.440531441628417,0.440947157317837,0.404813154343031
0.380787944109836,0.657271593298735,0.509946633756243,0.602518492656436
0.279110610204378,0.475196895217966,0.424342292144077,0.673486139102942
0.497909550545712,0.555260017364421,0.486894371857124,0.603114489386018
0.493026204146026,0.532047761721023,0.723223906622021,0.488218024421295
0.500376328830324,0.213084992247127,0.475664486111651,0.517506111001064
0.586694709846541,0.487083870777466,0.578785128330325,0.165322822857696
0.344613230775694,0.395698239802578,0.495334552506169,0.557956714215147
0.485240944715476,0.760313198655437,0.59021196420076,0.713521299728744
0.601998881671015,0.779210154110441,0.407250663265303,0.691460711254943
0.923126901628226,0.452386662633296,0.616135913022634,0.517161646784472
0.643321504346883,0.567970702609388,0.397110635933821,0.190109520354726
0.846452076631008,0.294474631228631,0.539882546198665,0.795482644535434
0.361626442992624,0.471328124418656,0.64205354884635,0.366581620891709
0.431195040420193,0.732250992672036,0.44029397772386,0.66156250660953
0.255132343785006,0.305443977565855,0.631325475065176,0.449007108551146
0.306243264805904,0.449366175689283,0.740626227794811,0.597501396253422
0.616385779980575,0.625495473331879,0.398631672076783,0.586370226568339
0.489857071477007,0.479402932770885,0.358619852944837,0.186840110020161
0.358646464954315,0.504802683017194,0.586809390777589,0.400774032347706
0.577402946062603,0.308920318294078,0.0804013114685363,0.69111162399195
0.435899078272166,0.24431783605813,0.602259925496522,0.622679459058251
0.485404558811676,0.495260880948905,0.926281599961873,0.539013279558924
0.556137746868119,0.46152742688041,0.644745442906013,0.841292340180729
0.544822256603429,0.28767088438786,0.580922302741746,0.546925150143076
0.408524730981478,0.561679454990176,0.317081680806526,0.62269853651964
0.782472165298417,0.282096492128031,0.710484338925609,0.510029745304692
0.245030799761326,0.105287333117213,0.418411374782825,0.454048713640324
0.542430096381295,0.295323700101086,0.331431303987369,0.408450575208438
0.723008775097615,0.233269944380251,0.523263551169244,0.425664732217035
0.720786512206744,0.499579426077348,0.363255108839311,0.406932093759648
0.56254545859896,0.642374208669127,0.823141828038608,0.47108906499458
0.442687539585945,0.206955167572819,0.211016495497244,0.446514281889259
0.336288303468082,0.445490657577109,0.776203441511286,0.605196254738841
0.810059028473972,0.415838694161221,0.330152115207745,0.596382081149224
0.479028906361632,0.708593132572552,0.239564015002225,0.641456974615963
0.500770551486564,0.587261892810869,0.452947745940643,0.694676279105702
0.468636553825779,0.509798315838559,0.384682927503778,0.624614973853032
0.413103746562938,0.270389959552077,0.581466353538845,0.649310992179589
0.778017723215164,0.660105242621039,0.592800599827778,0.570786023002863
0.571012529165325,0.931208746015623,0.582519919387205,0.718313037882134
0.316754883865326,0.428566158963647,0.768051497899206,0.634085761041386
0.540475396618302,0.471767335502544,0.369921404979975,0.221727165386685
0.351007574679356,0.542383641116379,0.659911268590443,0.459897927496489
0.548013565221872,0.553645556833945,0.360977871638102,0.662122400502985
0.185919436690459,0.310602342474244,0.839088738762013,0.828689046933458
0.790342343282205,0.282112092524731,0.543816664150537,0.717684274695667
0.275491643984938,0.595724864342505,0.525935573794282,0.494602049545662
0.440263455933236,0.495030805792774,0.714695629956648,0.479159886696004
0.666994873636593,0.526537346681183,0.336366018858908,0.768351017392652
0.488564910152058,0.247977325865114,0.623969186491347,0.401256803680345
0.65738348444523,0.368934005656516,0.284291890579704,0.334174809048029
0.469134525271105,0.550448569732797,0.220242996789063,0.560263765263453
0.311672417053875,0.210041721920404,0.556905984169841,0.443738842149088
0.30688371924546,0.265740209167733,0.441846805660242,0.346444419753553
0.462981303895963,0.345890126472191,0.35826613156978,0.593506503943371
0.709128836565609,0.722331001190187,0.82461667593531,0.438758020914352
0.315012502601136,0.707853807843546,0.454013467422203,0.29039446038195
0.690980156489582,0.462518626961018,0.366462745253843,0.216942278206815
0.406420080386279,0.651571568961987,0.461312743258988,0.73836484909021
0.377676016219756,0.909785677712625,0.526294430576155,0.472040981058193
0.680883066831438,0.577800875520906,0.463824808185851,0.4677188636716
0.670723770401798,0.26682303061097,0.439121437147323,0.546177107349765
0.372307106023032,0.464271882847544,0.74160237959699,0.482275150270579
0.388272936080615,0.38977354476908,0.657561594723955,0.500500113181259
0.312516858526702,0.703190149074511,0.878913995574704,0.283841578342804
0.557837426847189,0.414735270987269,0.526374707984802,0.553994318209898
0.468141291612667,0.393340286461966,0.577385989270443,0.85256757978111
0.401909100594395,0.39156761171917,0.858447195828794,0.593771234705301
0.57691623035477,0.280498414057235,0.488849523091647,0.387076146124921
0.330288152873383,0.305076173451932,0.41432620479296,0.170233660719324
0.692767843690317,0.711274112850637,0.245399939698482,0.559567864850383
0.55268356187547,0.311769392196155,0.613184321638572,0.698150650935512
0.640927385617165,0.915124629400319,0.485498828851909,0.685862966273239
0.367682722012759,0.500561854768601,0.765183195988294,0.44241506294665
0.438073396691178,0.518226051354461,0.707612877290872,0.826370905888822
0.449978646709572,0.0851853506991462,0.522528773346957,0.434240118425495
0.612427046094236,0.571308278493484,0.357364800603444,0.402085123049234
0.477902816096491,0.55725412849152,0.645476132628902,0.432936506472361
0.530802184220692,0.116159505100439,0.81669209359187,0.243820082732498
0.237151059698669,0.744866676645868,0.375376492274055,0.681422871725057
0.612688441272693,0.396419145261838,0.670047091314089,0.558095339148455
0.399335629567399,0.734407370795783,0.736532080319056,0.732752474035758
0.488472255122446,0.744237593370644,0.702094582416218,0.308577859243711
0.366270462768254,0.421073076888933,0.401184606263112,0.577813328356107
0.587205353653006,0.801622866485582,0.350201103389073,0.647640265541074
0.469835850522627,0.62767506236267,0.740162905888745,0.481395747453674
0.509638049963724,0.694012213265667,0.607317352594202,0.557579431071077
0.346949488527704,0.38766331363514,0.430354637823459,0.816097201289269
0.643459781764852,0.384877784959646,0.44586078888193,0.760181053566981
0.865426594177135,0.756689611834307,0.19154506037901,0.357193387957079
0.00377513503779922,0.470159489818204,0.589845444091127,0.6336394752806
0.862053254099656,0.676633488239172,0.711091161448808,0.47438403392633
