## Format: (1) availability				                   ##
## Format: (2) cost						              ##
## Format: (3) reputation					              ##
## Format: (4) responsetime						        ##
0.332987638041365,0.942751596169106,0.487936391587237,0.439419220230981
0.284772621586955,0.574031232952497,0.801145506936666,0.244681460851522
0.444137519160031,0.760054129199568,0.0675627133385645,0.384823408969335
0.744905557763545,0.14750659533964,0.537328516508183,0.626138461082759
0.363592500580053,0.221459860230746,0.560916635515006,0.438856594658589
0.514509854817111,0.576424711719629,0.597467465967343,0.34310286261045
0.375347794683569,0.468708579035234,0.488246558796162,0.568977247249498
0.615845913479163,0.440531441628417,0.440947157317837,0.404813154343031
0.380787944109836,0.657271593298735,0.509946633756243,0.602518492656436
0.279110610204378,0.475196895217966,0.424342292144077,0.673486139102942
0.497909550545712,0.555260017364421,0.486894371857124,0.603114489386018
0.493026204146026,0.532047761721023,0.723223906622021,0.488218024421295
0.500376328830324,0.213084992247127,0.475664486111651,0.517506111001064
0.586694709846541,0.487083870777466,0.578785128330325,0.165322822857696
0.344613230775694,0.395698239802578,0.495334552506169,0.557956714215147
0.485240944715476,0.760313198655437,0.59021196420076,0.713521299728744
0.601998881671015,0.779210154110441,0.407250663265303,0.691460711254943
0.923126901628226,0.452386662633296,0.616135913022634,0.517161646784472
0.643321504346883,0.567970702609388,0.397110635933821,0.190109520354726
0.846452076631008,0.294474631228631,0.539882546198665,0.795482644535434
0.361626442992624,0.471328124418656,0.64205354884635,0.366581620891709
0.431195040420193,0.732250992672036,0.44029397772386,0.66156250660953
0.255132343785006,0.305443977565855,0.631325475065176,0.449007108551146
0.306243264805904,0.449366175689283,0.740626227794811,0.597501396253422
0.616385779980575,0.625495473331879,0.398631672076783,0.586370226568339
0.489857071477007,0.479402932770885,0.358619852944837,0.186840110020161
0.358646464954315,0.504802683017194,0.586809390777589,0.400774032347706
0.577402946062603,0.308920318294078,0.0804013114685363,0.69111162399195
0.435899078272166,0.24431783605813,0.602259925496522,0.622679459058251
0.485404558811676,0.495260880948905,0.926281599961873,0.539013279558924
0.556137746868119,0.46152742688041,0.644745442906013,0.841292340180729
0.544822256603429,0.28767088438786,0.580922302741746,0.546925150143076
0.408524730981478,0.561679454990176,0.317081680806526,0.62269853651964
0.782472165298417,0.282096492128031,0.710484338925609,0.510029745304692
0.245030799761326,0.105287333117213,0.418411374782825,0.454048713640324
0.542430096381295,0.295323700101086,0.331431303987369,0.408450575208438
0.723008775097615,0.233269944380251,0.523263551169244,0.425664732217035
0.720786512206744,0.499579426077348,0.363255108839311,0.406932093759648
0.56254545859896,0.642374208669127,0.823141828038608,0.47108906499458
0.442687539585945,0.206955167572819,0.211016495497244,0.446514281889259
0.336288303468082,0.445490657577109,0.776203441511286,0.605196254738841
0.810059028473972,0.415838694161221,0.330152115207745,0.596382081149224
0.479028906361632,0.708593132572552,0.239564015002225,0.641456974615963
0.500770551486564,0.587261892810869,0.452947745940643,0.694676279105702
0.468636553825779,0.509798315838559,0.384682927503778,0.624614973853032
0.413103746562938,0.270389959552077,0.581466353538845,0.649310992179589
0.778017723215164,0.660105242621039,0.592800599827778,0.570786023002863
0.571012529165325,0.931208746015623,0.582519919387205,0.718313037882134
0.316754883865326,0.428566158963647,0.768051497899206,0.634085761041386
0.540475396618302,0.471767335502544,0.369921404979975,0.221727165386685
0.351007574679356,0.542383641116379,0.659911268590443,0.459897927496489
0.548013565221872,0.553645556833945,0.360977871638102,0.662122400502985
0.185919436690459,0.310602342474244,0.839088738762013,0.828689046933458
0.790342343282205,0.282112092524731,0.543816664150537,0.717684274695667
0.275491643984938,0.595724864342505,0.525935573794282,0.494602049545662
0.440263455933236,0.495030805792774,0.714695629956648,0.479159886696004
0.666994873636593,0.526537346681183,0.336366018858908,0.768351017392652
0.488564910152058,0.247977325865114,0.623969186491347,0.401256803680345
0.65738348444523,0.368934005656516,0.284291890579704,0.334174809048029
0.469134525271105,0.550448569732797,0.220242996789063,0.560263765263453
0.311672417053875,0.210041721920404,0.556905984169841,0.443738842149088
0.30688371924546,0.265740209167733,0.441846805660242,0.346444419753553
0.462981303895963,0.345890126472191,0.35826613156978,0.593506503943371
0.709128836565609,0.722331001190187,0.82461667593531,0.438758020914352
0.315012502601136,0.707853807843546,0.454013467422203,0.29039446038195
0.690980156489582,0.462518626961018,0.366462745253843,0.216942278206815
0.406420080386279,0.651571568961987,0.461312743258988,0.73836484909021
0.377676016219756,0.909785677712625,0.526294430576155,0.472040981058193
0.680883066831438,0.577800875520906,0.463824808185851,0.4677188636716
0.670723770401798,0.26682303061097,0.439121437147323,0.546177107349765
0.372307106023032,0.464271882847544,0.74160237959699,0.482275150270579
0.388272936080615,0.38977354476908,0.657561594723955,0.500500113181259
0.312516858526702,0.703190149074511,0.878913995574704,0.283841578342804
0.557837426847189,0.414735270987269,0.526374707984802,0.553994318209898
0.468141291612667,0.393340286461966,0.577385989270443,0.85256757978111
0.401909100594395,0.39156761171917,0.858447195828794,0.593771234705301
0.57691623035477,0.280498414057235,0.488849523091647,0.387076146124921
0.330288152873383,0.305076173451932,0.41432620479296,0.170233660719324
0.692767843690317,0.711274112850637,0.245399939698482,0.559567864850383
0.55268356187547,0.311769392196155,0.613184321638572,0.698150650935512
0.640927385617165,0.915124629400319,0.485498828851909,0.685862966273239
0.367682722012759,0.500561854768601,0.765183195988294,0.44241506294665
0.438073396691178,0.518226051354461,0.707612877290872,0.826370905888822
0.449978646709572,0.0851853506991462,0.522528773346957,0.434240118425495
0.612427046094236,0.571308278493484,0.357364800603444,0.402085123049234
0.477902816096491,0.55725412849152,0.645476132628902,0.432936506472361
0.530802184220692,0.116159505100439,0.81669209359187,0.243820082732498
0.237151059698669,0.744866676645868,0.375376492274055,0.681422871725057
0.612688441272693,0.396419145261838,0.670047091314089,0.558095339148455
0.399335629567399,0.734407370795783,0.736532080319056,0.732752474035758
0.488472255122446,0.744237593370644,0.702094582416218,0.308577859243711
0.366270462768254,0.421073076888933,0.401184606263112,0.577813328356107
0.587205353653006,0.801622866485582,0.350201103389073,0.647640265541074
0.469835850522627,0.62767506236267,0.740162905888745,0.481395747453674
0.509638049963724,0.694012213265667,0.607317352594202,0.557579431071077
0.346949488527704,0.38766331363514,0.430354637823459,0.816097201289269
0.643459781764852,0.384877784959646,0.44586078888193,0.760181053566981
0.865426594177135,0.756689611834307,0.19154506037901,0.357193387957079
0.00377513503779922,0.470159489818204,0.589845444091127,0.6336394752806
0.862053254099656,0.676633488239172,0.711091161448808,0.47438403392633
0.534566955410843,0.532595668412229,0.487223304308628,0.972683446840897
0.781581046007397,0.654467459206951,0.351479361716551,0.634784900599604
0.401191058453887,0.220258735199492,0.952214601745696,0.301059102258597
0.450151890164886,0.215912354489345,0.613611591962235,0.381413898037308
0.806975472709785,0.237757432493095,0.587669485116272,0.741668787898074
0.412520492474151,0.822118422316833,0.380156578203536,0.515896863155318
0.501601660601518,0.288079119092969,0.42117889525407,0.664066097119872
0.699502197811801,0.281813353737933,0.675368428119508,0.374182313345679
0.200024173265431,0.683336175348291,0.667600936478677,0.541866901813038
0.446386860814347,0.465355447907688,0.337325260825039,0.459636321706628
0.23357271925762,0.850274406171275,0.737087549407646,0.713754076874472
0.590076662360142,0.527452029657727,0.900408529120014,0.570295490841317
0.847909961707991,0.646767754741035,0.56482612747129,0.241596987408362
0.827059488835913,0,0.657635707354038,0.684075767624283
0.480673292558404,0.836888222357429,0.666642408983385,0.867039911429715
0.533059563537436,0.713274659358192,0.333786817648777,0.6682944929633
0.267428927053245,0.343561667214853,0.716391838087066,0.591664809253875
0.316590764890187,0.436734476865606,0.565843468758143,0.647683014431611
0.344375509447246,0.70707244403578,0.622222706455057,0.210424493575108
0.63426066826668,0.275574262662196,0.275399322860428,0.839779448506699
0.855421605206598,0.581751170542831,0.300496600365769,0.359058633158346
0.6183916690307,0.341333285522517,0.349045989587278,0.276066766609414
0.446886920365864,0.397507528589259,0.734461493484803,0.513231197970443
0.458536749885804,0.289543799666467,0.368975680124552,0.440747061541143
0.63089787866785,0.696032625969696,0.223514219162977,0.283417055897324
0.498548058417478,0.312369525727596,0.412409690877849,0.36672380363781
0.536680898977027,0.231991717734427,0.531088979162358,0.588848088410331
0.403339024081864,0.680446303055954,0.517138304274273,0.462754754798175
0.462948247011272,0.804005703605157,0.396621299425203,0.280199373627396
0.538140243485952,0.734136589927539,0.530439195398608,0.302325943572877
0.497233680966367,0.803363653042768,0.545576898408217,0.163704008232564
0.292809725428085,0.367221563296844,0.703556974716408,0.579380920538761
0.309855880989923,0.364658902881141,0.537985634617789,0.594400544352123
0.527477310684649,0.589243801749252,0.211545154291968,0.194924196108124
0.428970458950427,0.829354864338025,0.504783006961789,0.319796006338059
0.537531224958132,0.666385193109729,0.623559392128417,0.373932631731884
0.657222989696998,0.560707490417331,0.178362943918994,0.53344397908563
0.864210668849378,0.775564038354302,0.70396904504155,0.922372591556982
0.246848286890814,0.554771354133155,0.64113342643175,0.085407943957869
0.433972109438934,0.541463692569037,0.68222092166995,0.757752054765665
0.527550148612071,0.367031770746297,0.573958038683069,0.805242081085881
0.762060031175803,0.186049364274616,0.57979306101455,0.447481078783661
0.623974164083429,0.674058633643666,0.361933199609152,0.676652260463833
0.474459682991294,0.439219470338421,0.664405665123426,0.431563320807133
0.502646674233544,0.423302233622785,0.861725209126268,0.660622170906449
0.928323178585782,0.662792553238838,0.589681050090744,0.780649263587176
0.415011990907764,0.330707356027673,0.273349318927682,0.321083652075173
0.563296956490807,0.193292042792731,0.553974823291669,0.283845614221988
0.612002901525791,0.480348720592737,0.430044016196398,0.537514504664302
0.357172175521862,0.325638095850094,0.448091330353266,0.207590071507001
0.515991297423459,0.137315798208064,0.619047582161246,0.69913277315235
0.540137487763999,0.236078322750089,0.213629949236201,0.562573041547465
0.491289338973845,0.594295407071755,0.396356974758517,0.523382599815066
0.544736666203009,0.44327098385017,0.630798737818549,0.551726757591974
0.63787556482655,0.482219898072513,0.406152619239127,0.455838832812374
0.390160096266973,0.00412848408311459,0.446280665825139,0.833287555167305
0.607202445514197,0.269024962793439,0.886000702220526,0.713907763971628
0.554548729801957,0.542366460393274,0.675019675026408,0.670782788475981
0.582855061421887,0.637446926043035,0.553117684542022,0.383475109720167
0.72481218195942,0.434377506141835,0.439466232808802,0.720131804559445
0.286295945131726,0.494772622365891,0.580365340504686,0.948599027009058
0.244825616085745,0.654159454579254,0.52957061810182,0.482311411130236
0.451746313338255,0.210676951974792,0.600501864038825,0.731382454547374
0.543459838686255,0.514695608345152,0.586946753862942,0.711519813698142
0.63904241065402,0.306990796625831,0.537847520111443,0.467685462414516
0.502026419419429,0.23760401847047,0.194573378118935,0.731120488433885
0.605074597268814,0.42005650611956,0.412358257475139,0.597607683547935
0.188860608061109,0.444343793621122,0.651257854932586,0.793670658604295
0.349772298577502,0.59053758614813,0.782330868611115,0.824677648014419
0.598498729335546,0.410586861849387,0.471152504601391,0.477945825962522
0.249395652390799,0.626631640908283,0.686902059310171,0.428345935161664
0.179704064153479,0.280726553908698,0.840808341138542,0.645300732211984
0.511962579893659,0.80324371626267,0.484857055926358,0.591651631664923
0.759368739821843,0.400372087774129,0.458539054806003,0.626357541940172
0.467727529101242,0.562800660268874,0.480565430315622,0.285625682240523
0.402289527583141,0.545404634891027,0.68653189903195,0.503745750939744
0.534614840750144,0.323498511211781,0.379816800621921,0.625162044092198
0.260278054759042,0.509931356619337,0.851615772406212,0.365411356530383
0.240245868411784,0.0980232912226982,0.426490750711484,0.549965540582851
0.70154967246952,0.740441257969387,0.630496629139995,0.464263090567779
0.296221139035266,0.444042914312892,0.750646666312657,0.801578895856055
0.408665987264837,0.908498243118325,0.6955569752437,0.70224187358427
0.407169512522105,0.467751330287094,0.442732383490369,0.706374591747092
0.644516791072356,0.323843559079831,0.525741537848133,0.493261042556243
0.471854949603578,0.800256747662683,0.290591795989469,0.262719054804598
0.439936621967091,0.246365338820861,0.454568882652453,0.539075924394288
0.403836941084373,0.347945210713158,0.604936087474702,0.905475858970219
0.637306374382775,0.460661099432742,0.370076265112682,0.665602331765957
0.667084565735578,0.712270065990915,0.389972907526411,0.488540158883218
0.514265849882771,0.428742766954063,0.508130103671565,0.739567575378029
0.475513873280431,0.394362017465969,0.604370122059835,0.655161981927327
0.303460858203829,0.283924364407144,0.39614491772544,0.596604230583791
0.536166569453091,0.673439509167492,0.423432002189584,0.692939943720735
0.528326834319967,0.506351868549728,0.680530887047846,0.526731425137857
0.371110546083085,0.337753811899194,0.592163594456624,0.527357981368744
0.379317926672256,0.29696710668452,0.573584443890731,0.297060197439712
0.563101794962107,0.601518834303203,0.526001477790883,0.491966564682423
0.879300526198618,0.249178306585447,0.712744152930652,0.542419293581021
0.132518233334868,0.608154467824843,0.602896108398376,0.412354514369901
0.543221177676301,0.145605807871525,0.407736028274356,0.527115919687358
0.629127127486055,0.640421032262339,0.400089031675087,0.401130665944748
0.472924979003666,0.638017964044556,0.273342868640076,0.663319558294304
0.421322728170484,0.706952401458019,0.447462828214319,0.702965202136689
0.490709510996679,0.713309285806042,0.564718532430096,0.432401213313849
0.264020220500583,0.610563921660064,0.418809703146469,0.206210778207992
0.604436686938376,0.698291629340047,0.504633263841238,0.681752976569202
0.75504351792174,0.615111505572407,0.729080514747845,0.226714851046479
0.34512875299738,0.50655944646583,0.550449346153574,0.441322545688959
0.628367610126068,0.332283053171037,0.300664058476629,0.189639969741847
0.720269569245561,0.320742151892448,0.498422895603074,0.297074678745321
0.397207417568924,0.243788258448951,0.408102057605417,0.406573839140943
0.551826070131307,0.376665082981541,0.0865070414584981,0.689396802326425
0.270631455857195,0.475925978131113,0.752371657252959,0
0.497287946158123,0.572034353527286,0.292481914381016,0.367178255578669
0.599390712580829,0.822303590479465,0.677046007097973,0.347351587139953
0.535406134055014,0.486948653530961,0.683612829118436,0.760396142218527
0.541660106612897,0.378829815284902,0.500111825938343,0.0952466605458945
0.310649348468031,0.494877156012146,0.704153567489029,0.505015286928025
0.536852154209702,0.331924898240254,0.774816265589568,0.644464462392631
0.393788458716532,0.440653286964035,0.69566310560302,0.743036527974891
0.53314822153216,0.468800995386283,0.307925963626366,0.721929908471708
0.507551162315593,0.600188401073429,0.232404521067114,0.41502737008877
0.505409082752373,0.806990134578666,0.722759163040102,0.729803076804112
0.616325926889654,0.32573976380469,0.58780346825258,0.378337447226533
0.417966211571143,0.666859958912833,0.739172805561705,0.206643571089204
0.539068901694311,0.129963934614569,0.691315845645539,0.599016874985764
0.654623810652563,0.392617569476931,0.333837865830176,0.219734737838542
0.233857216156214,0.463560209036743,0.555587468578902,0.4918005324806
0.783306452621461,0.671046240321289,0.328135028731554,0.716740499539868
0.590135364973088,0.315584021208886,0.766941715084767,0.428752166761993
0.400284445573867,0.444065455124027,0.328968191814546,0.653131798058326
0.556782064961205,0.556073472695257,0.784914912330455,0.607373715165037
0.353394575684502,0.33474635931635,0.258205777408092,0.572038210792586
0.698914009496743,0.27810659667672,0.187137419534105,0.479914946775668
0.415350321602267,0.342167648118593,0.386537928392199,0.661403657977858
0.167392736426585,0.412970100470303,0.211681121612158,0.319977680313889
0.489754721890911,0.447092289291706,0.485564019748244,0.520110651969969
0.399664187435058,0.593726078781119,0.671127630440964,0.320411922497679
0.208766907062259,0.98624083606401,0.617552161247207,0.357032533520419
0.499068120374186,0.514483563474734,0.601321328393922,0.533531724710311
0.564896476238305,0.0828755281073791,0.277921279074153,0.627949753238515
0.345335231058663,0.460220134823105,0.599682324159816,0.749015247697634
0.201005185401355,0.707312039767424,0.418959411853766,0.404464275757942
0.445190970723291,0.341020977608294,0.654674230604932,0.56049477251602
0.468711799343644,0.613965747515448,0.473689191652429,0.455015923607727
0.187346598358797,0.458762552243042,0.328706199955802,0.687687854350122
0.482923728770623,0.576886306652417,0.652933181946524,0.508385010195323
0.609902197903138,0.457081826818756,0.368297696971063,0.575143505062092
0.581718028089832,0.455648841211303,0.859782505448944,0.791651178702408
0.360262103022782,0.615875575277813,0.769497763618786,0.394626564569091
0.805418582040737,0.529699039613445,0.603040963338094,0.709309144203889
0.18169644693,0.403363098453228,0.501433533187982,0.550077447500107
0,0.577209211429023,0.657799636582422,0.720407160304314
0.604088067243047,0.533074305004625,0.926990885319351,0.486521967459707
0.264424975875803,0.35045293415008,0.46195523081063,0.893815813068652
0.274340669552218,0.565463572503751,0.574871941953103,0.466348744492912
0.493617341638357,0.418376163849589,0.715782128328659,0.509771460389778
0.609700365694305,0.534637785804343,0.876778113742589,0.339216459105297
0.791821614593593,0.715789543667813,0.457172223914203,0.442289732692216
0.33135548607588,0.395339871999787,0.349692944402412,0.531353667914909
0.608900955548269,0.213193286876219,0.72641469631521,0.508202636241019
0.404364599085491,0.399625763043772,0.542719493409519,0.689121069733894
0.64199676105582,0.462410008670133,0.483379206064175,0.546636985144179
0.333606402177941,0.268810905034626,0.573349648029475,0.451046171850138
0.436063609777307,0.428257725279786,0.078885272022766,0.629931106086948
0.670835187049085,0.674452514976549,0.579365417987039,0.653630116681471
0.309027416310212,0.501301268843043,0.54827667384573,0.622320806266766
0.21817120766876,0.264385031385733,0.568142937151973,0.331946503913629
0.231515930783755,0.374162352008356,0.389873088836298,0.381100133610806
0.546745733557972,0.546402088611945,0.619208031694071,0.610350518166223
0.632644491582873,0.516476068577313,0.752298989418901,0.362357742225381
0.923382679559134,0.426029269524888,0.785492873046667,0.561252464909809
0.856707450193766,0.201952093771633,0.70196642455462,0.547308882100214
0.517534846807241,0.440557796269448,0.471208327833313,0.187533662453268
0.62092649569505,0.675305260454548,0.895249134998732,0.305347128234611
0.459072420015129,0.496432208769688,0.744949656285819,0.805600862040913
0.608829889781091,0.535977810235989,0.341576765753294,0.773448609902613
0.54004866655431,0.573252434999397,0.178969419610328,0.522495821650209
0.501999915993302,0.623747526150327,0.746562780666345,0.577033647470973
0.53380095791959,0.406742705606981,0.423523986763537,0.289604389263726
0.422791216728165,0.545841205108104,0.526657480871878,0.809514978638234
0.416063007088492,0.721773100496157,0.263151991448549,0.252691961683349
0.479006243568045,0.469378733190598,0.329888827344996,0.521539209706625
0.557753800651334,0.382824277258447,0.591023526542646,0.733771433783211
0.334852147121346,0.520832953512397,0.383934358204016,0.571819344622066
0.480985478055773,0.541935122759762,0.826608968175546,0.378073225229926
0.849036766550428,0.646322334227255,0.58579857135053,0.439119821245931
0.739445983324529,0.616870473126301,0.455464226502037,0.353719164333305
0.418008738562784,0.733129824231523,0.506140125095875,0.252298839084128
0.429289024181425,0.429191226617035,0.362595355612906,0.473577331619456
0.297805661708588,0.382050764495663,0.472725407789633,0.396747450947085
0.58853248192683,0.743102735531062,0.536838897845838,0.568214943044767
0.633984762579177,0.750590633322579,0.164624511393863,0.336195600395813
0.590765262862395,0.536951673891555,0.445524683564657,0.665669970389131
0.57427670218304,0.66194978363844,0.770498310662273,0.377960834029085
0.538526190837095,0.0535211298344239,0.593274524640287,0.775487717077445
0.503551826594202,0.615697548331619,0.915746601806355,0.458835086847642
0.508888385864811,0.686983183028154,0.58045881031052,0.489088092289317
0.361804318336754,0.629269525788341,0.282677902198391,0.585293152712188
0.255901539057009,0.212431634052636,0.533767785680063,0.682481532618306
0.606806122229016,0.0589205286731729,0.760554847248185,0.533798957131762
0.545525295483783,0.563729476052819,0.324163949044179,0.587623016552456
0.13382878794649,0.452473094649878,0.799025862113899,0.348597354768082
0.229074114546499,0.220261237449703,0.585189697747335,0.644652606883026
0.761456694781228,0.717052690948901,0.717399725525945,0.42229041761583
0.40015455091883,0.449094201112941,0.726690747595286,0.634322688486294
0.520956711718541,0.901455230747227,0.818334634679289,0.659802308287449
0.265978263431844,0.602375093399546,0.584912697631246,0.778757854396253
0.377372177969659,0.204383372946177,0.417015421378818,0.49491340451407
0.378771253994594,0.270355529670023,0.577473529076707,0.676053234565569
0.492575761647334,0.598145787888865,0.46902543321734,0.478300176909515
0.386196362362036,0.280325427415219,0.305780486800726,0.416464059732777
0.822366593585239,0.28111848494911,0.747118952308312,0.765785320747148
0.345756289701181,0.58536185651598,0.441094376037205,0.502436547683727
0.327945236883885,0.507321465318126,0.732264189483796,0.648548963262874
0.507453310851519,0.503730544890093,0.266699933041782,0.471371338217335
0.323002627908349,0.384188236198877,0.413135967041538,0.41725085934703
0.645700603301604,0.653784497461377,0.550590118588254,0.879523821509956
0.532428119698594,0.649218789466163,0.666964494021196,0.161944547195758
0.678186187398108,0.573538209716298,0.619752099408491,0.19605360107219
0.537238175216495,0.355785318993792,0.615324470285382,0.414274328498642
0.60812087138202,0.498284842840123,0.399278325590692,0.581618997811154
0.685659492648534,0.182266334023221,0.221019188699066,0.640751138329481
0.207994178024762,0.249494195656237,0.606621010355316,0.518781189876044
0.462235915918862,0.230229140756792,0.869812070098505,0.79109921040015
0.551101957012877,0.42017032362477,0.527002924108961,0.450931045604194
0.553982809351366,0.303941359034316,0.658638025778715,0.508879487418408
0.25121145511848,0.113572448367842,0.344316676568546,0.390128381671876
0.747727268891921,0.152183428483438,0.419642628313251,0.667973447955049
0.707495614323316,0.992801624668609,0.486298535027928,0.46388352884749
0.532862253178657,0.706321903717815,0.395271636198217,0.659023818464736
0.269661942149378,0.340486603251762,0.786782188919962,0.59106487428101
0.452961122021534,0.686174456247934,0.542074388486337,0.556834765992766
0.7582526391671,0.617029539795806,0.46886340252937,0.279443258266065
0.707254324085531,0.615452581998494,0.666181871477386,0.471531433233607
0.452690562274572,0.523485559616768,0.606001739958918,0.36491307527138
0.770029495754059,0.50059729202742,0.67121432681568,0.842623240189364
0.314034000135737,0.53890817697525,0.614337639353309,0.401993336368699
0.681944475845756,0.557389119204105,0.491436767295346,0.680001562017501
0.401820188576863,0.563532888142359,0.349424231501825,0.405449278936995
0.268382609197483,0.290664046354806,0.711921521408255,0.717129001756109
0.47054281446117,0.41501927683042,0.305059681645178,0.583353927681177
0.787508188411646,0.320562629069894,0.455845492308939,0.632673224125498
0.643641993954977,0.483091093932858,0.598303175073119,1
0.584076532203924,0.688232004461408,0.500351919894913,0.859790490410135
0.499231135683767,0.335275113036065,0.785638175216075,0.555777640606873
0.537350796890713,0.687960372539283,0.760512843436405,0.7260255013327
0.623104658916657,0.585776019790487,0.562640921384593,0.93634089938288
0.805492215122207,0.812074858840498,0.487454955751755,0.674271676844522
0.685764038438309,0.63650411280543,0.532091211282526,0.378650327283075
0.473813062830296,0.650522698696652,0.431172678648539,0.370075166383383
0.123902689041664,0.788129189030494,0.642155504200165,0.611836487469704
0.443889704537277,0.476654736731127,0.371667777074226,0.813619378764834
0.455029724673324,0.437146869114414,0.756759073845529,0.414781882408034
0.813544527676175,0.389611832541845,0.696686917073689,0.527273374933261
0.471673174354565,0.475430344943546,0.605776675652348,0.50614293296439
0.511699367262003,0.509981298642008,0.864562739180345,0.573621913868094
0.393213834527616,0.743527862018188,0.385384104228126,0.311864771855333
0.607300322409708,0.661053618393748,0.246224557546294,0.47522164055905
0.505435006078072,0.721810327830702,0.466409731228325,0.35717535454457
0.528032726691208,0.581765194788444,0.45200194195447,0.416194816930075
0.144223234562849,0.527121902547779,0.521043219996656,0.38804904980508
0.491505138300499,0.359821482542083,0.432151371137257,0.482091795944332
0.798629933440052,0.739093188520696,0.657781026749444,0.742760795641784
0.616467322189233,0.450920485230766,1,0.392037030680422
0.650527052459849,0.752090485756408,0.854345536059143,0.392788266318185
0.204992887758632,0.573659930239184,0.263473892281969,0.580703714651215
0.435306228287514,0.317789989908636,0.414782311419866,0.807212071410811
0.551581524022369,0.526878801037752,0.922363188621815,0.654186597185819
0.491613592661049,0.272309565373709,0.619348753473726,0.735545391275358
0.463146789089114,0.481562298003209,0.626718758469571,0.750039465692849
0.487723169926435,0.688174282055818,0.671988687262815,0.730941020899494
0.741039950832232,0.380191140880553,0.412845891177358,0.547435951892899
0.537178080622356,0.819600900869865,0.462015031879222,0.429442336873136
0.538900453139965,0.390728462274936,0.600804817961929,0.746289694579139
0.373868967151587,0.329595097379872,0.4695003545634,0.406202872993813
0.317236056462446,0.750538255332037,0.580764535492138,0.547132530197846
0.732417092155226,0.458958185471174,0.498355418707269,0.481383310608279
0.410694078843001,0.370683115738978,0.534473694115021,0.882618065211431
0.324488066663131,0.683746668137181,0.349582881337051,0.833218257877758
0.66699943488305,0.680287331828834,0.606150874127083,0.535638882616197
0.563546093685992,0.172344870377005,0.492533264218174,0.656424749202926
0.575551205179053,0.569960614407509,0.642745099184585,0.554345632621288
0.125952379471398,0.0317081218723409,0.658783467443813,0.593621997604826
0.48525432447967,0.273013473219826,0.906857984949049,0.987062516502687
0.583747455424196,0.502902850290032,0.392469614613771,0.495597324439322
0.269331315523025,0.234393509798507,0.264346452192419,0.427120248700101
0.714456485796387,0.837099306128952,0.680096694712069,0.673640720549628
0.442395078083543,0.296208963960482,0.530833802465523,0.79272066077445
0.607048530207353,0.541280237314011,0.596489863274029,0.370419892694222
0.563042247916916,0.772890538000737,0.497507472917769,0.653753125638106
0.609541034211793,0.217859211607836,0.615699717707574,0.552680458445762
0.719554420784918,0.53309056198642,0.370377131770661,0.605716567145218
0.664700549599258,0.709020823883952,0.350048844960754,0.395162580386692
0.797251512233781,0.664636402981365,0.493089470469499,0.639982124648502
0.381992534939843,0.506829247427472,0.549507053981255,0.458271747594324
0.750465825269878,0.867775893147014,0.454806772027547,0.399401993558624
0.466245391421341,0.524823329786592,0.751808025108193,0.580359829993252
0.669733695696353,0.523045208807347,0.22234620342719,0.00898198073055561
0.580403667859025,0.513960740661569,0.420338744564397,0.537767677924049
0.601815328665067,0.258080570959144,0.576593038798799,0.371571771075426
0.536047416331405,0.415241123615708,0.573282489179485,0.572236723077562
0.463312458180645,0.64234167902904,0.148689690667053,0.325109124596702
0.427152833566827,0.619952578621536,0.436928859601085,0.49705117219619
0.674359818484424,0.517963244248024,0.542212560702873,0.552370879426404
0.50516810670135,0.388124679465772,0.711135380195385,0.219941564844849
0.567638230114921,0.640955286575553,0.569198158600865,0.585478452510281
0.373437450962365,0.883155706842364,0.559053959518042,0.521849926043908
0.611401571269853,0.578337136060321,0.532265143391354,0.482705071093731
0.695563794451256,1,0.519531495905248,0.478447980134994
0.72307416626096,0.606249122692684,0.482024966790303,0.641880616898469
0.50110765930538,0.919201302546695,0.584080555979844,0.51276797089269
0.483878549820466,0.577436349610749,0.456918698264667,0.449702240626148
0.671838671392445,0.316772685933505,0.369991653877837,0.675409381112721
0.56408693298509,0.813521376050808,0.491297983485091,0.416377252343997
0.672739287903652,0.279422113408361,0.31789007532611,0.844589189905868
0.375540803683495,0.279802602370693,0.381520369196327,0.750016394805628
0.88946901228234,0.730714139308055,0.60948240949449,0.686797636415326
0.314202580314132,0.576388852438049,0.443462669147582,0.528436271070735
0.314450906122557,0.653455535221114,0.709601824185245,0.515424316579904
0.698526981809161,0.358525082449044,0.522691929168266,0.533983046359174
0.347368860913801,0.681605955794208,0.59603117967897,0.815249145619943
0.443248407536933,0.497539132554976,0.400287224130152,0.557892154260377
0.470909899610083,0.591945108082182,0.666412024737849,0.518185480825872
0.802086005592726,0.367827998168048,0.671863287889233,0.525899113642042
0.38980038774129,0.533121148943572,0.499379981225115,0.641245912909264
0.3248898935977,0.746697986925164,0.572373365718005,0.392518527188172
0.324183564491436,0.147577882617858,0.349355272529628,0.553353248029334
0.438052772237593,0.921180544199845,0.332126526874303,0.450455569297425
0.558092969784717,0.286942852665614,0.517228348136982,0.575971547432561
0.404516855153677,0.571129205290161,0.405324612039434,0.625947748474681
0.441071926681138,0.510719050398369,0.247742476426891,0.559363211548103
0.0937786028941712,0.713434884234949,0.795261002894092,0.69956897732174
0.298996703587539,0.865035247078145,0.777853871777511,0.529909086762974
0.453193454374045,0.512852620469991,0.556566345406317,0.918073213182613
0.418974724519188,0.344568574696849,0.288403842066326,0.428649340279333
0.556138026956293,0.201031410822451,0.129318623014864,0.355133428832413
0.279824658939836,0.352534016808493,0.689128851490485,0.397253184922759
1,0.616378221063878,0.46895733504927,0.512142563154226
0.358308500260932,0.273914592405041,0.366080619341154,0.75569858879726
0.26223529700504,0.363711781606154,0.61456624166391,0.296631082546307
0.580468089124922,0.494169784978542,0.627134451343915,0.609885909994515
0.53165390873638,0.52787369799934,0.117347386381692,0.742251982050491
0.327180637326412,0.306282677717144,0.429330171976827,0.701927498787861
0.154806277075162,0.193902059740824,0.373706282953807,0.556780723589333
0.643927597644007,0.412818802248133,0.422276994694302,0.609247566330722
0.538197681374061,0.333859798629796,0.428060364065726,0.805229004222596
0.531738015295409,0.233546950641663,0.387816128003681,0.721329025487709
0.327551858242519,0.642991989712662,0.750116381043776,0.313617885885045
0.568871921384325,0.639101544322134,0.586896642196418,0.67860246594154
0.41461339527684,0.247687278775449,0.758055666480217,0.468030166683486
0.560165911234692,0.307289393413663,0.415486427052686,0.58882554569858
0.687476674421247,0.258477474023156,0.754583400189173,0.619180942550357
0.597391512896334,0.540037188429569,0.681201876005497,0.485478411456582
0.582139777028707,0.381907056666461,0.547495193850732,0.823249469905957
0.602553703282279,0.579745347979902,0.462510898616033,0.712485533848731
0.497247275705721,0.24850210845151,0.200628844145114,0.426816978636412
0.762867952269601,0.557264288224196,0.231142539674847,0.243415248482557
0.455110595478193,0.696706421687238,0.590115462775732,0.391408403460206
0.477234415514592,0.172525208616019,0.832750458635709,0.508329935158574
0.601413488031798,0.369411520053189,0.670501489195312,0.444289876795508
0.733418487654072,0.818577714861764,0.5354029191551,0.922514683832462
0.551921285569446,0.263940754350742,0.420091171782659,0.384525481690441
0.689397207013022,0.540439794772465,0.508387941723518,0.541648535441091
0.44935203853445,0.505633740259128,0.689447470480142,0.497857320518859
0.935131721686129,0.751093580566186,0.509523417804474,0.579792730673305
0.505317784351885,0.445905393759865,0.510787510397034,0.798740484932141
0.349679723316585,0.337441064932864,0.857273329253982,0.742674951786911
0.501342393335731,0.218593498066847,0.55035670616806,0.748416164958202
0.496967405957617,0.345249115609793,0.828987339955446,0.373731936310388
0.420959961120954,0.380278873430664,0.554491917421758,0.362845287361548
0.355603139952925,0.691559654739141,0.65833530791777,0.57769766117662
0.534522094955417,0.406345661527868,0.587173566338303,0.493094280411896
0.483365591598246,0.422482663881147,0.73016281917005,0.475275314004238
0.462237227283539,0.913367737642529,0.414831072318539,0.452979307713236
0.246591284230346,0.827143640924474,0.499407196007451,0.704641820224475
0.290165157101004,0.639595639768519,0.714990173888771,0.867326290199787
0.493031536607657,0.366999218188087,0.467350359323369,0.823959747369159
0.150906442688388,0.338442681286633,0.538793529942766,0.525911431004505
0.609172817011927,0.597662951368799,0.454029154215841,0.364616934945366
0.699876990049523,0.401766947249218,0.330286772821602,0.753978102818178
0.513193047922796,0.512060249993382,0.638252257305532,0.706110232501418
0.619004451919718,0.356735911466193,0.370106350858636,0.483358396863502
0.332336404300514,0.331672671023517,0.476425146090556,0.334786584684728
0.653884092649547,0.471382019425881,0.146917328153985,0.40652840927318
0.168998213927895,0.31932830793005,0.65680842665458,0.567553172446915
0.376326540549196,0.815678872354545,0,0.431516209008546
0.609206102282909,0.403521675254858,0.66949103391068,0.732127461885804
0.420638370527692,0.507709073328327,0.573116008930928,0.646483410335255
0.345737530309772,0.216398561237466,0.24368282750762,0.211691835012555
0.668805565572641,0.392505100470738,0.682862106918037,0.687643282793575
0.479850143748826,0.466817993137137,0.45532137291147,0.38891147138852
0.367229958463688,0.543511438658567,0.482816391612151,0.315494729630814
0.213938277066888,0.62835477572543,0.547656791596723,0.859477855079136
0.0924222894262067,0.22612209086192,0.477127988031602,0.819286931443314
0.482628587798703,0.63689027366865,0.523293257755723,0.206221363693246
0.505199580441248,0.417572641037995,0.39636143974084,0.764146228017169
0.743477717028789,0.699879773062462,0.551856948555228,0.46908084398508
0.331311665114244,0.640780331473608,0.581811135365975,0.322516612898716
0.692693229708645,0.542309636042196,0.513371309820657,0.6186039885306
