## Format: (1) availability				                ##
## Format: (2) cost						        ##
## Format: (3) reputation					        ##
## Format: (4) responsetime						        ##
0.516129032258065,0.671641791044776,0.696428571428571,0.897253400690941
0.838709677419355,0.835820895522388,1,0.131012161117135
0.849462365591398,0.835820895522388,1,0.0804273250590086
0.752688172043011,0.507462686567164,0.392857142857143,0.928915110435381
0.89247311827957,1,0.839285714285714,0.0193915605118047
0.935483870967742,0.671641791044776,1,0.0192179168004329
0.0752688172043011,1,0.285714285714286,1
0.795698924731183,1,0.642857142857143,0.102140865432181
0.655913978494624,0.671641791044776,1,0.0171624598448917
0.795698924731183,1,0.642857142857143,0.0323199405573155
0.924731182795699,0.671641791044776,0.517857142857143,0.209442583495367
0.365591397849462,0.835820895522388,0.285714285714286,0.687069802752859
0.946236559139785,0.671641791044776,0.642857142857143,0.0440328146232234
0.946236559139785,0.671641791044776,0.642857142857143,0.0428213468694664
0.387096774193548,0.671641791044776,0.285714285714286,0.724469831424262
0.849462365591398,0.671641791044776,0.642857142857143,0.0453533144748186
0.0967741935483871,0.671641791044776,0.517857142857143,0.670244534766096
0.67741935483871,0.835820895522388,0.392857142857143,0.246802229908312
0.903225806451613,0.835820895522388,0.392857142857143,0.0940906622084653
0.795698924731183,1,0.392857142857143,0.0372586907667985
0.731182795698925,0.671641791044776,0.642857142857143,0.035863483737055
0.10752688172043,0.671641791044776,0.285714285714286,0.799568717479663
0.473118279569893,0.835820895522388,0.107142857142857,0.591751519887253
0.881720430107527,0.671641791044776,0.517857142857143,0.00697401603579484
0.881720430107527,0.671641791044776,0.517857142857143,0.00678825764688542
0.709677419354839,0.835820895522388,0.392857142857143,0.131730965317697
0.870967741935484,0.671641791044776,0.517857142857143,0.00541727997221701
0.774193548387097,0.835820895522388,0.392857142857143,0.064726702970317
0.473118279569893,1,0.517857142857143,0.0269046796980215
0.387096774193548,1,0.517857142857143,0.0835912750092374
0.301075268817204,0.671641791044776,0.285714285714286,0.585845614587687
0.989247311827957,0.671641791044776,0.392857142857143,0.0154966916834758
0.440860215053763,0.835820895522388,0.642857142857143,0.021049252221529
0.774193548387097,0.671641791044776,0.517857142857143,0.0320110162801075
0.397849462365591,0.835820895522388,0.642857142857143,0.0403156277321122
0.43010752688172,0.835820895522388,0.642857142857143,0.0125185001221563
0.118279569892473,1,0.696428571428571,0.0541929908513993
0.967741935483871,0.671641791044776,0.392857142857143,0.00229169316752378
0.182795698924731,0.835820895522388,0.696428571428571,0.109839743007307
0.10752688172043,1,0.696428571428571,0.0452685117320556
0.0752688172043011,0.671641791044776,0.517857142857143,0.461825641522653
0.559139784946237,0.835820895522388,0.392857142857143,0.15267926189308
0.129032258064516,1,0.285714285714286,0.42495663954998
0.0752688172043011,1,0.696428571428571,0.0430878697752929
0.139784946236559,0.671641791044776,0.392857142857143,0.509690732473595
0.591397849462366,0.671641791044776,0.553571428571429,0.0471462867503791
0.838709677419355,0.835820895522388,0.285714285714286,0.0351325648589549
0.397849462365591,0.671641791044776,0.392857142857143,0.329317317729629
0.56989247311828,0.835820895522388,0.196428571428571,0.279950006764028
0.623655913978495,0.835820895522388,0.107142857142857,0.328634857561679
0,1,0.696428571428571,0.0434775585694181
0.150537634408602,1,0.553571428571429,0.0811683395017233
0.161290322580645,1,0.553571428571429,0.0587561860572176
0.182795698924731,0.835820895522388,0.696428571428571,0.00848027427629945
0.537634408602151,0.671641791044776,0.553571428571429,0.0231390340967599
0.397849462365591,0.671641791044776,0.392857142857143,0.270157309087825
0.172043010752688,0.835820895522388,0.642857142857143,0.0563938239373913
0.161290322580645,0.835820895522388,0.642857142857143,0.062469334722483
0.161290322580645,0.835820895522388,0.642857142857143,0.0590994352541155
0.172043010752688,0.835820895522388,0.642857142857143,0.0504858995249027
0.193548387096774,0.835820895522388,0.642857142857143,0.0361239493041127
0.161290322580645,1,0.553571428571429,0.0370305310065076
0.172043010752688,0.835820895522388,0.642857142857143,0.0498983376643306
0.161290322580645,0.835820895522388,0.642857142857143,0.0538578181061932
0.161290322580645,0.835820895522388,0.642857142857143,0.0533389060850006
0.161290322580645,0.835820895522388,0.642857142857143,0.051127977434394
0.161290322580645,0.835820895522388,0.642857142857143,0.0505222435575154
0.161290322580645,0.835820895522388,0.642857142857143,0.0494864386280531
0.150537634408602,0.835820895522388,0.642857142857143,0.0542535642390872
0.161290322580645,0.835820895522388,0.642857142857143,0.0470110061845429
0.161290322580645,0.835820895522388,0.642857142857143,0.0467565979562539
0.150537634408602,1,0.553571428571429,0.0336182301667585
0.161290322580645,0.835820895522388,0.642857142857143,0.0464133487593561
0.150537634408602,0.835820895522388,0.642857142857143,0.0525312609158292
0.161290322580645,0.835820895522388,0.642857142857143,0.044412407852734
0.0860215053763441,1,0.553571428571429,0.0736976216868881
0.150537634408602,0.835820895522388,0.642857142857143,0.0488362842668702
0.150537634408602,0.835820895522388,0.642857142857143,0.048616200958271
0.150537634408602,0.835820895522388,0.642857142857143,0.0485293791025851
0.0967741935483871,1,0.553571428571429,0.0629963231953673
0.419354838709677,1,0.392857142857143,0.0086115166162898
0.344086021505376,0.835820895522388,0.517857142857143,0.0366973773742244
0.505376344086022,0.835820895522388,0.392857142857143,0.0535731231840603
0.225806451612903,0.507462686567164,0.285714285714286,0.565200184950744
0.408602150537634,0.835820895522388,0.285714285714286,0.221524955226171
0.129032258064516,1,0.553571428571429,0.0305390829592927
0.279569892473118,0.835820895522388,0.517857142857143,0.0727890208715703
0.118279569892473,1,0.553571428571429,0.0341230083974906
0.10752688172043,1,0.553571428571429,0.0371112955234247
0.10752688172043,1,0.553571428571429,0.0340826261390321
0.0860215053763441,1,0.553571428571429,0.0463992149688956
0.0860215053763441,0.671641791044776,0.696428571428571,0.119531485037364
0.516129032258065,0.835820895522388,0.392857142857143,0.0224242681220433
0.0860215053763441,1,0.553571428571429,0.0383631455356404
0.397849462365591,0.835820895522388,0.285714285714286,0.20063319381263
0.0645161290322581,0.835820895522388,0.696428571428571,0.00948983073776367
0.505376344086022,0.835820895522388,0.392857142857143,0.0172169758938108
0.139784946236559,1,0.517857142857143,0.0251763190359947
0.311827956989247,0.671641791044776,0.285714285714286,0.359402100281262
0.483870967741936,0.835820895522388,0.392857142857143,0.0276820381733489
0.483870967741936,0.835820895522388,0.392857142857143,0.0263494236442161
0.483870967741936,0.671641791044776,0.517857142857143,0.00994816937126843
0.462365591397849,0.835820895522388,0.392857142857143,0.035889732205053
0.0967741935483871,1,0.517857142857143,0.0444204843044257
0.290322580645161,0.835820895522388,0.285714285714286,0.256225429919619
0.397849462365591,0.835820895522388,0.285714285714286,0.183739275986488
0.462365591397849,0.835820895522388,0.392857142857143,0.0335172745206121
0.397849462365591,0.835820895522388,0.285714285714286,0.183537364694195
0.0537634408602151,1,0.553571428571429,0.0323058067668551
0.010752688172043,1,0.553571428571429,0.0606945344632289
0.118279569892473,1,0.517857142857143,0.0184950743740245
0.623655913978495,0.835820895522388,0.285714285714286,0.0229169316752378
0.021505376344086,0.835820895522388,0.696428571428571,0.00787454039942092
0.10752688172043,0.671641791044776,0.517857142857143,0.23728615070255
0.301075268817204,0.835820895522388,0.392857142857143,0.122257287483317
0.021505376344086,1,0.553571428571429,0.0379189406925961
0.150537634408602,1,0.392857142857143,0.108729230899697
0.0860215053763441,1,0.517857142857143,0.0240274437828484
0.397849462365591,0.835820895522388,0.392857142857143,0.0472472423965255
0,1,0.553571428571429,0.039049643929436
0.0752688172043011,1,0.517857142857143,0.0242293550751413
0.182795698924731,0.835820895522388,0.517857142857143,0.0605733876878532
0.0752688172043011,1,0.517857142857143,0.0173502373467241
0.580645161290323,0.835820895522388,0.285714285714286,0.0212350106104384
0.043010752688172,0.671641791044776,0.285714285714286,0.488726282994829
0.580645161290323,0.835820895522388,0.285714285714286,0.0204939961677237
0.580645161290323,0.835820895522388,0.285714285714286,0.0200558486634482
0.021505376344086,0.671641791044776,0.285714285714286,0.499528537132496
0.354838709677419,0.835820895522388,0.392857142857143,0.0599676538109747
0.655913978494624,0.835820895522388,0.160714285714286,0.0857113435783123
0.10752688172043,1,0.285714285714286,0.209624303658431
0.0967741935483871,0.835820895522388,0.517857142857143,0.0931820613931475
0.129032258064516,1,0.392857142857143,0.0839446197707499
0.247311827956989,1,0.392857142857143,0.00455915697997242
0.473118279569893,0.671641791044776,0.392857142857143,0.0726880652254239
0.032258064516129,1,0.517857142857143,0.0189796614755273
0.301075268817204,0.835820895522388,0.392857142857143,0.072486153933131
0.010752688172043,0.835820895522388,0.517857142857143,0.138878625064864
0.397849462365591,0.671641791044776,0.392857142857143,0.114550333456499
0.397849462365591,0.835820895522388,0.392857142857143,0.00123569710883221
0.129032258064516,0.671641791044776,0.517857142857143,0.164880761286336
0.354838709677419,1,0.285714285714286,0.0274599357518268
0.225806451612903,1,0.392857142857143,0.00493067375779125
0.301075268817204,1,0.285714285714286,0.0607752989801461
0.473118279569893,0.671641791044776,0.392857142857143,0.0574437626573141
0.161290322580645,1,0.392857142857143,0.0449050714059285
0.301075268817204,0.835820895522388,0.392857142857143,0.0585542747649248
0.21505376344086,1,0.392857142857143,0.00550814005374879
0.236559139784946,0.835820895522388,0.392857142857143,0.100097523154177
0.172043010752688,0.835820895522388,0.517857142857143,0.00848027427629945
0.0752688172043011,0.835820895522388,0.553571428571429,0.0361421213204191
0.397849462365591,0.671641791044776,0.392857142857143,0.0904562589471941
0.56989247311828,0.835820895522388,0.196428571428571,0.0627277811766179
0.397849462365591,0.671641791044776,0.392857142857143,0.0881686040055162
0.161290322580645,0.835820895522388,0.517857142857143,0.0107012984915207
0.290322580645161,0.671641791044776,0.517857142857143,0.0340220527513442
0.129032258064516,1,0.392857142857143,0.046358832710437
0.129032258064516,1,0.392857142857143,0.0449858359228457
0.118279569892473,1,0.392857142857143,0.050477823073211
0.129032258064516,1,0.392857142857143,0.0430878697752929
0.311827956989247,0.835820895522388,0.392857142857143,0.0298828712593409
0.139784946236559,0.835820895522388,0.517857142857143,0.0159509920911347
0.0967741935483871,1,0.392857142857143,0.0554852231220736
0.580645161290323,0.671641791044776,0.285714285714286,0.058857141703364
0.0967741935483871,1,0.392857142857143,0.0491855908025368
0.419354838709677,0.671641791044776,0.392857142857143,0.0493451007234482
0.10752688172043,0.671641791044776,0.285714285714286,0.364046060003998
0.580645161290323,0.835820895522388,0.196428571428571,0.0274599357518268
0.10752688172043,0.835820895522388,0.517857142857143,0.0209583921399972
0.150537634408602,1,0.392857142857143,0.00560303836112642
0.0537634408602151,1,0.392857142857143,0.0630104569858278
0.0537634408602151,1,0.392857142857143,0.0625925006107817
0.043010752688172,1,0.392857142857143,0.0690940442226112
0.473118279569893,0.835820895522388,0.107142857142857,0.173138933141114
0.623655913978495,0.671641791044776,0.285714285714286,0.00250975736320005
0.129032258064516,1,0.392857142857143,0.00566764997466013
0.236559139784946,0.671641791044776,0.285714285714286,0.257992153727181
0.172043010752688,0.671641791044776,0.285714285714286,0.299751447199188
0.419354838709677,0.835820895522388,0.285714285714286,0.0244514574966634
0.0645161290322581,1,0.392857142857143,0.0440974262367571
0.182795698924731,0.835820895522388,0.392857142857143,0.0741014442714738
0.0645161290322581,1,0.392857142857143,0.0433705455845029
0.236559139784946,0.835820895522388,0.392857142857143,0.0381107564202743
0.419354838709677,0.671641791044776,0.392857142857143,0.0246129865304977
0.10752688172043,1,0.392857142857143,0.0131242339990349
0.150537634408602,0.671641791044776,0.517857142857143,0.0779720837447276
0.236559139784946,0.835820895522388,0.392857142857143,0.0349811313897352
0.032258064516129,1,0.392857142857143,0.0612195038231903
0.612903225806452,0.671641791044776,0.196428571428571,0.0875144114184874
0.354838709677419,0.671641791044776,0.285714285714286,0.169908352464428
0.333333333333333,0.671641791044776,0.392857142857143,0.0765748576020611
0.0537634408602151,1,0.392857142857143,0.0399380536155246
0.408602150537634,0.835820895522388,0.285714285714286,0.0183860422761864
0.645161290322581,0.507462686567164,0.285714285714286,0.0794520935172341
0.344086021505376,0.835820895522388,0.285714285714286,0.0598666981648283
0.032258064516129,0.835820895522388,0.517857142857143,0.033323439680011
0.150537634408602,1,0.285714285714286,0.0767262910712807
0.150537634408602,1,0.285714285714286,0.0745052668560595
0.0645161290322581,1,0.285714285714286,0.131242339990349
0.354838709677419,0.835820895522388,0.285714285714286,0.0440671395429132
