## Format: (1) availability				                   ##
## Format: (2) cost						              ##
## Format: (3) reputation					              ##
## Format: (4) responsetime						        ##
0.416177762798149,0.730240844507737,0.708137485852183,0.644746321228345
0.385365966270223,0.553231079519481,0.464743377584076,0.497645848824146
0.735291560942916,0.836021304321643,0.342120445186645,0.564311768467761
0.530814580981261,0.427908365398666,0.676182569203706,0.569061242265144
0.243192887283034,0.568934950056895,0.492088369791586,0.320452883273278
0.459911109226162,0.532169518431227,0.624126524945939,0.486815010882252
0.402443025596298,0.452736536468805,0.522489587889589,0.522337919464661
0.326363314345502,0.491140362928349,0.45541024957205,0.783566509647514
0.571468713531973,0.20296663562718,0.579133797205849,0.419848006768791
0.539537051792869,0.425022675391338,0.56357417884434,0.749810002986837
0.179180441736181,0.472484076660232,0.395702578975703,0.638800289757361
0.524193916303776,0.543458467609369,0.426038865102932,0.577610857625751
0.418201725030337,0.347369270544996,0.420768590329573,0.647648985147456
0.660746916471105,0.572682957443487,0.578047411644597,0.706058192460127
0.363482148977717,0.299563624133229,0.43868098124288,0.811230784254656
0.369486004048426,0.488911290777858,0.79058420131654,0.461430362578004
0.433085340883726,0.611742182003116,0.45693125823801,0.558476793015145
0.437428807308389,0.601072844895272,0.528052956410961,0.820705109828626
0.62028387900804,0.595816513214769,0.367071600248718,0.544487349095314
0.655235331330241,0.424859933867487,0.291145508449119,0.60946503220159
0.455915198078783,0.522794698311984,0.509922001853182,0.78282208654471
0.576410925178138,0.580953851842685,0.676565331262845,0.620941503465509
0.666693408166336,0.348362271634222,0.848879794065875,0.251193782933908
0.417834152550454,0.650441168812974,0.43614803812992,0.523909642473548
0.486247467073064,0.23335411983108,0.350776869759645,0.447988609769697
0.583406940551006,0.499335212006032,0.454865952045065,0.557608263921933
0.512743620185414,0.394388499894403,0.448469333765752,0.779267982950078
0.404240278898076,0.56352705299905,0.342403477881834,0.615169985856108
0.551421049081494,0.597552574860364,0.526917979867936,0.687640207897689
0.549310279918512,0.290862507132883,0.517030299073132,0.550100926076315
0.20224067336439,0.51103337699792,0.344691050174352,0.827171507078787
0.460149480620508,0.322095382306197,0.432354186403701,0.734171833395535
0.515613052337568,0.0749909140637939,0.567873867496987,0.217050869310822
0.542996045342326,0.292367614082541,0.586275362609078,0.240579653959808
0.523591058404311,0.585990537991682,0.503722816502905,0.646707718018082
0.49986150309909,0.427186102994773,0.425184420574822,0.327225372120858
0.434344794426882,0.669305117211877,0.514626142616612,0.459010630836302
0.481743906779154,0.397505663016037,0.450067318987071,0.430408790614539
0.358925292665201,0.727438413776887,0.542768354996005,0.499128334596782
0.477108888793221,0.515171933919674,0.535488264640484,0.90933037963238
0.638218097717966,0.400918459808953,0.647542719680114,0.625057808967374
0.608487202781536,0.617926365517728,0.461768907843036,0.802272736136692
0.45011217568476,0.620876482476648,0.753980629306799,0.494022102729253
0.413492599938117,0.315391719680042,0.532835534612504,0.543973219206695
0.510971603904753,0.287114580804786,0.587894832637183,0.557932401175836
0.193677581223757,0.346421625021477,0.439823292303959,0.444250663109985
0.358226371158962,0.568158923538796,0.481787290332377,0.499349951128705
0.436250883050997,0.277637944667113,0.480222115146978,0.6446557381186
0.309071970481291,0.405181123797748,0.641060484700688,0.406164502043512
0.516794180474329,0.676779856332741,0.232177769571423,0.549129869097092
0.476605320718499,0.731606293664948,0.386172279225892,0.732929268621562
0.640312431327411,0.344670069371281,0.562315515508505,0.531090174798288
0.325139837565829,0.516628101444838,0.205774598515013,0.396185985570027
0.471767267033992,0.317684765225369,0.386509264192323,0.354403762870991
0.30758011711423,0.592780928261847,0.556162162861548,0.604449926030422
0.517264339283078,0.470000713922426,0.563093625107046,0.354388529270736
0.0814315154040616,0.735329051491799,0.637722698111766,0.595862739579078
0.37521054629718,0.489238075842541,0.525720073438087,0.774892123444809
0.188093256011332,0.409099408604008,0.429866336868158,0.385334478827309
0.677143650381394,0.449862292778829,0.332368550335563,0.389804177279914
0.529980368183181,0.429992328177363,0.316172907080064,0.65544138866474
0.496862404570937,0.626714109948743,0.487497272656638,0.504330217635831
0.360884909677823,0.576772562849462,0.702537062345672,0.388384708502472
0.547766222846516,0.229770024406747,0.76994947276793,0.78171897790041
0.471992054591903,0.582801033871126,0.318312187087065,0.492983792913227
0.403671371216433,0.465886723173502,0.668388650015686,0.722785761603154
0.503444127365977,0.513346315323615,0.510578903459773,0.40192149426995
0.477207270502983,0.673137862996093,0.80358388204327,0.428768679234821
0.2603436861641,0.612710710842426,0.407917959625007,0.705285183489779
0.313800097420518,0.466999950212513,0.395723726245554,0.744602738439491
0.454821594935349,0.584743619497681,0.755790739700039,0.550536746303099
0.322917865566828,0.446615908016227,0.315773686350674,0.427406473977581
0.491196651747926,0.320020534683333,0.514917438102149,0.607804415552046
0.470106339042392,0.493656176096696,0.531877064013308,0.907195763598668
0.426754869007348,0.576870476778296,0.391173950173439,0.501546094629347
0.543335883459013,0.592008902382466,0.621743192749362,0.499253781127081
0.658344428873739,0.584076093208308,0.706468763294697,0.481026316899026
0.452392166036281,0.619115056490341,0.578976492444312,0.191789802719449
0.255567895455916,0.587177769838796,0.48232949333171,0.397175798142015
0.678112479602538,0.41752351421283,0.270580829814701,0.725491063238407
0.504363845161696,0.518255580102313,0.334936262388463,0.666735215647442
0.604695323157428,0.428275419900947,0.599607279560754,0.67217766441425
0.736508912395168,0.680402175495332,0.384114874776923,0.701156521768956
0.189823665131625,0.464103854720162,0.532375920551046,0.563685033926219
0.391239719308086,0.616126552596503,0.47979522223099,0.588847765907214
0.599924119775609,0.526522158920531,0.680842930299528,0.50710498233938
0.509534682577873,0.429332612597379,0.346554684471809,0.556216305889493
0.390902769941449,0.527827591707073,0.525037374989547,0.418128696407529
0.325917226061772,0.516298455685364,0.474554900450186,0.176351038746031
0.627784141882733,0.302519046828651,0.853764140366514,0.573917325689317
0.603002543361853,0.583649507650611,0.281644543450086,0.684692888353736
0.690653723602958,0.573664453265167,0.598492075489449,0.162837377348015
0.566800543063803,0.5104007353271,0.434099418548653,0.445901246486411
0.52146262376552,0.508310016364768,0.353760149235393,0.60621357241666
0.215762264420707,0.647271563989405,0.486002276321476,0.634002561131985
0.727041790936395,0.634481150802789,0.600916119526738,0.563436623488946
0.675215695598023,0.5951272497667,0.163394657430128,0.646504172616413
0.416967172348995,0.685442203986183,0.252383608755997,0.378538430226474
0.266030470576519,0.62200481899944,0.336258859649793,0.539655596360077
0.230751471332615,0.72691597071158,0.35549586192775,0.433449722539133
0.532242414544512,0.476226186686474,0.230064379155957,0.492226157889197
0.553935369021215,0.734275038135178,0.622838089414935,0.588248792844229
0.594121360272138,0.699498568226366,0.720466724950713,0.670784811940998
0.456482416453016,0.670289218989083,0.391164934060463,0.668924278298392
0.63624910307391,0.572403289533844,0.361773548647546,0.581825888255108
0.542673788106793,0.428483729817507,0.599579679990187,0.769443208376773
0.272159414116814,0.735368573003215,0.605824291356838,0.808360734773232
0.105684488415251,0.36700423603071,0.237008291497987,0.471272386054231
0.659391462336358,0.519318117584488,0.657736354516394,0.467312880321342
0.588301266957735,0.313485669317208,0.314962987947506,0.355978717100828
0.431468648408205,0.524410307614094,0.558281334146419,0.433903027133169
0.494257612280293,0.43820439565915,0.545167033281685,0.478676877848343
0.430894713042803,0.602376472470264,0.517963211970888,0.443883632863203
0.738171967693906,0.411400803497112,0.424463053890546,0.718368077934248
0.504522007938317,0.396149762842704,0.732670084070198,0.572324306105691
0.759935739742646,0.496650921900958,0.689319926005076,0.676057738862014
0.424304526581033,0.560888154367163,0.349654881051181,0.461768147233447
0.440186924229134,0.463939090608653,0.515252903961036,0.413396714980348
0.613881285501485,0.440003846493868,0.427379310453886,0.276904803316088
0.534618411445451,0.167363891042611,0.769165736404357,0.454682034484792
0.421005156008907,0.622408501905848,0.405817026892842,0.587618382277796
0.584674064931776,0.570623398807971,0.496092909441562,0.386939819136764
0.57854605626119,0.488529021679261,0.383977087786186,0.424509326990594
0.615706094889766,0.698590965089737,0.437283086613363,0.366155094332566
0.418487218934535,0.419124965338988,0.408677370555481,0.449888030788788
0.589917843244409,0.541127197503907,0.691398550683136,0.52557711843432
0.586970496119731,0.750368719993444,0.685028339943592,0.680973206240846
0.594327303911456,0.708819497941732,0.457233135829063,0.347880003469476
0.771428587666166,0.434485297831549,0.34202407711409,0.480368710143598
0.428149515922051,0.662591894304841,0.657433983295398,0.247466385071791
0.408178780412205,0.398846548188127,0.296339206527744,0.429434887318739
0.386503068060272,0.715679569479601,0.499213373823145,0.482871896617154
0.525447342201925,0.446578358625864,0.250206436194589,0.15235712480378
0.379540971320984,0.613818444183101,0.663664247144809,0.706085691312619
0.692214482545413,0.618746479775051,0.667987775615932,0.6233753380081
0.650300734345848,0.451207448203653,0.330610346132188,0.435092139072692
0.540790538144487,0.493452851637027,0.717068350176756,0.587931752971515
0.633614240208613,0.702040350815844,0.549664656770515,0.434939311320518
0.590127364428152,0.364355273373373,0.492487586561084,0.799254579148832
0.55345100733725,0.50236157831326,0.319311022661674,0.422914824904773
0.505669343782323,0.579355209885195,0.53586332764313,0.59588439718612
0.403049699881557,0.480847024413148,0.639417945062363,0.654264724268833
0.516038837206837,0.508471535995327,0.845004349907764,0.600782730848578
0.565286931611974,0.653839039130472,0.553233186428415,0.35069213966326
0.396630173786876,0.318759342336667,0.706743647097109,0.45189004371944
0.679891664415248,0.352906341412697,0.432258050755753,0.350692190317773
0.376378952583599,0.573051822818574,0.479020261054846,0.586866225019241
0.723232200112921,0.401108428898026,0.431683004921339,0.404757594115004
0.53923536609526,0.540872036854959,0.498621520510695,0.325487512922913
0.840152695379409,0.40418070203187,0.632794746745955,0.495124267994883
0.439657507362381,0.741105011702257,0.623032644126299,0.625277295616861
0.546405659129037,0.688353362841041,0.562372048857339,0.355818148197391
0.443048235055086,0.222661886660186,0.689966922568781,0.903381120042785
0.782402320321986,0.723595235801862,0.520728636122633,0.461340044839686
0.454578353881535,0.567427751604549,0.372101394378625,0.831557718863848
0.439941676038279,0.379756159749907,0.580808415923617,0.511031619159124
0.625094808862771,0.355807791230885,0.463359719292186,0.548207136650521
0.403456458270533,0.522203854304613,0.86283839157283,0.521150221397631
0.503972219221248,0.219258504152968,0.418204402506699,0.453168473081403
0.302035807684099,0.409280098732834,0.651514231928845,0.793964954486195
0.540288417553046,0.421352514040726,0.521414640922847,0.525756227228152
0.405775063235542,0.714390079364213,0.838092976847898,0.457054239161928
0.630994651504874,0.403027441030979,0.610148599004653,0.583279404884455
0.534234710156187,0.394631190077466,0.185416207979592,0.531886147455646
0.336527878835793,0.552139448405124,0.59869501044291,0.317059677605577
0.414848761440109,0.271909400044006,0.190968806598461,0.788566906354878
0.634633642890569,0.36055500190043,0.458507824755122,0.423624908724848
0.727134995499156,0.387009079091558,0.536645428870857,0.582027129278335
0.494059441706647,0.457950600081649,0.714162863868832,0.65046933097474
0.473655510304562,0.443131049825571,0.528599536620702,0.384589155998056
0.60911231856589,0.838899221007263,0.468587579460088,0.465699353829853
0.499209958969195,0.325566971469769,0.421899885420966,0.547089571605324
0.625907356291885,0.518529808436313,0.432336910643108,0.409861910532566
0.405855173909494,0.672862846204343,0.321108758925016,0.360815639192698
0.511230619291818,0.400146835281954,0.644095365681333,0.740123317988173
0.685946109981995,0.438239417196697,0.439121160369604,0.686080594216819
0.48880614649605,0.606663986244604,0.500585509640195,0.364141666624095
0.394262298968859,0.613111002953698,0.482718018092989,0.472775236578866
0.462473660521607,0.475865824790538,0.602924400461673,0.523840027448333
0.292632189778826,0.277757651773539,0.580611856263961,0.310167607734535
0.383501477942713,0.323224882809857,0.470768580002662,0.353947764051474
0.588692723266818,0.508985097718461,0.461178174140009,0.334706960813518
0.470699025003284,0.734095411422422,0.627497527925742,0.81791217988149
0.301263532475237,0.440404062871264,0.478538552454514,0.587772823503552
0.556511427514123,0.468663724569083,0.67365216362213,0.728737946590312
0.237979901093836,0.494738637332054,0.696713374741355,0.350457887775972
0.368155788650038,0.539228482792815,0.67610914782039,0.597325164065114
0.413552322101613,0.569922313906494,0.524165435191349,0.581691904671465
0.347722003087053,0.297808592508355,0.1841347672101,0.428982980283699
0.541054963646143,0.702717187690546,0.654021337084588,0.624066330962976
0.620786217262661,0.490699311263726,0.707496597591596,0.58456139792014
0.391776980288269,0.535111097367364,0.607449105781997,0.59414639723971
0.649013095204671,0.419295195106257,0.502848421914345,0.312674753818756
0.538527411078504,0.748945435823586,0.323962394364295,0.638512366437782
0.448073615413554,0.760647479885794,0.5435136929366,0.401428091859377
0.42379273796199,0.60549781606317,0.318201876862867,0.535296244223695
0.631656260800839,0.387845809482855,0.368513531944743,0.4667956508302
0.478955559536371,0.468206534676024,0.396557267908708,0.591354003007236
0.593923353630008,0.389493802956175,0.757294425427008,0.5682591003408
0.748709558124398,0.449163213158472,0.579180246124243,0.531081958710289
0.307499171576223,0.405288580393768,0.306615432324511,0.480168638051498
0.558189578809259,0.455282369380805,0.541180684124961,0.516711892523218
0.596325444246144,0.619779657593628,0.47107936788068,0.425142704986962
0.686564180351548,0.353523651876093,0.566272188068125,0.480880034556764
0.609238928688626,0.535703398623289,0.594996169174597,0.453880464346947
0.334238701183752,0.591819008531086,0.462456686262554,0.652592878706844
0.38065516370844,0.545529663535509,0.755387610694142,0.594166417619454
0.346569912386133,0.413523051615011,0.50559449781745,0.525476289682492
0.542501217609594,0.18547683492652,0.285745697015774,0.803291608786742
0.493895430309817,0.475197498635458,0.320136653481129,0.312245034538388
0.593522243107585,0.425544106176578,0.455315264430688,0.208778968679953
0.508178844881154,0.465205184166434,0.382705144396999,0.58225101056532
0.660525001638457,0.519241322450747,0.397109996565607,0.687551584764575
0.476259892330033,0.579101911061652,0.204216508455938,0.414158801820986
0.433931007400187,0.704463334946427,0.541444266033209,0.498386848399559
0.559452517817803,0.773016291236154,0.520948298963177,0.642840951640402
0.385097625992932,0.742808587205037,0.537061227515847,0.562961012627197
0.589464073501173,0.333629244678774,0.682028968486551,0.541398284744197
0.53562902323942,0.524795713229119,0.589318015830064,0.615647810608373
0.654325492940373,0.431880288508534,0.361225354030617,0.562439595037408
0.590607196378257,0.580234973046643,0.608487111269121,0.631686338733204
0.50750612221124,0.566511631419197,0.689757192970101,0.690789307091226
0.436871202181712,0.36755165902231,0.518063463756109,0.607434768495437
1,0.656068986057593,0.286113299553472,0.569468674858085
0.468792802527128,0.683597932348628,0.576616966751084,0.487515112781618
0.717014774286569,0.392433320580092,0.628931190149046,0.552150763541364
0.387272688376643,0.269657784115466,0.381589420383502,0.596670497416506
0.534980960343328,0.765192883608638,0.360998036856261,0.580186951660465
0.309046607619088,0.268776192797817,0.682838232055548,0.879479714426139
0.604412144079077,0.479052377928424,0.305188103294904,0.735461810516969
0.468691946470808,0.545075023165822,0.696124874776922,0.475999742609974
0.38130263391893,0.470605111633236,0.404829457349307,0.596586634518257
0.487814829586284,0.408461100232769,0.537725887086623,0.840385246288962
0.58590174869682,0.515607800216514,0.395539860310782,0.551935757369763
0.347647947250215,0.452280045415546,0.398525791632804,0.727434409457355
0.790440078545805,0.642301009333612,0.645871511302887,0.430921673282878
0.602015835025584,0.470247499236645,0.595472826487155,0.419018420878966
0.614455280843542,0.528069429083719,0.37150459794735,0.616205332886576
0.423677918497486,0.295962288495658,0.276604318121553,0.791890473986857
0.596239704495507,0.421986129039222,0.469973483833054,0.537630425237193
0.67588764792947,0.476668487522728,0.420561779368084,0.44625425673247
0.628285310074267,0.472240273991737,0.211146369489686,0.668759043940676
0.394581859838543,0.519518654680118,0.446894382050791,0.451406124785997
0.587200173382523,0.676055068932207,0.436538232872324,0.467100234805681
0.474734108443305,0.5185883628466,0.428897832104962,0.517968425409233
0.702707088196923,0.335056168965339,0.479139128920432,0.587905795802806
0.275964553579842,0.264844860224338,0.527346245551655,0.632823110624563
0.599540393816046,0.57021086810996,0.3709587370197,0.356751847026712
0.754931524018951,0.682727687137329,0.309731214573457,0.839832489268663
0.25139112858523,0.724370679256954,0.396487726735334,0.364160625474563
0.39445348578549,0.749899606441682,0.475266801532706,0.254704984581012
0.742600286933343,0.591785922525128,0.695236126344559,0.602141712615756
0.89311610842959,0.461293695542385,0.483368521924481,0.302118089882651
0.507396902764028,0.485470408680593,0.4548616085714,0.331312084882147
0.516089558174738,0.495621356611891,0.496536766480853,0.712302505880972
0.374532869495549,0.344954195118152,0.391960441627802,0.89755335572208
0.47655797532586,0.502940506238995,0.0805494098540512,0.685908545141702
0.346861882387424,0.647357543086555,0.673726609811794,0.681825645157815
0.440785778671499,0.540155347701945,0.5456182801417,0.633851163041463
0.320682646531839,0.305113528098834,0.552991253360355,0.576402506916501
0.682776218935269,0.715852723954433,0.525017493775369,0.425225027248752
0.621960677037932,0.686316764869199,0.49836859468444,0.676283181306749
0.22947747575593,0.393839832703659,0.428189058526414,0.29399908683631
0.604977494867137,0.517649099691413,0.493953873029096,0.527102064018698
0.427281735743397,0.658622893185091,0.67552285436451,0.637905735456289
0.489231683690965,0.334838157482942,0.347604501562428,0.238329932212551
0.29848251923349,0.569780996627498,0.481245016227364,0.483421426437674
0.582770888002538,0.627213889433166,0.657686075594006,0.566224482040189
0.66147280644926,0.460297973241866,0.508248011770661,0.518476596094515
0.789382930067851,0.40439263825363,0.36316090553594,0.506629187231535
0.447996127571168,0.308765759072993,0.410245038404205,0.620359963719371
0.633586201053582,0.593612453037202,0.540098830620582,0.651703113648612
0.305713461896631,0.56572516519414,0.573297633724787,0.448882698015895
0.634175013997292,0.623651952225822,0.6617672211825,0.540352791870012
0.581608987307531,0.480822748367782,0.538387733908243,0.480722756016533
0.358406024996207,0.448772772424305,0.479502350748351,0.558096501711738
0.466191664328499,0.533843690555828,0.412414844433922,0.468698420105863
0.423956187960429,0.32764802870561,0.491782448803628,0.208568668865232
0.556397737402008,0.482426267455068,0.703155422223811,0.728392629866081
0.443796849652135,0.658965674189887,0.442446865107524,0.517183105849644
0.419399424832526,0.404616273485525,0.429259808783568,0.519591869126008
0.378628379004176,0.631927511601112,0.636934810116026,0.367757411579769
0.523369539095929,0.550915851995265,0.388511566581481,0.422004380089468
0.46167237385592,0.57703280763012,0.353395126985024,0.373009845210976
0.605591363731067,0.546696550115779,0.555127384381874,0.694885028322981
0.392187836331903,0.390811695456975,0.918028347253328,0.528519912313937
0.598256540850017,0.375124874078014,0.327919630938354,0.387414718208168
0.484939163542706,0.613867947206434,0.746100795571253,0.431815980082817
0.552803354594415,0.30802605012484,0.569804802055878,0.556348182559914
0.485022674615739,0.479626970705317,0.398605802883062,0.640507337890727
0.382002149744243,0.447873020619597,0.627569718865857,0.473322997110393
0.399162859399987,0.446833377144145,0.657481540512118,0.389211196950908
0.402534700611163,0.670961721690079,0.539310564359452,0.442991840990997
0.586959054387319,0.876656162006341,0.584081836636122,0.667556150531396
0.334980286914799,0.293269497897759,0.547297722199467,0.640984302391751
0.571740279280915,0.401929331769829,0.443207859943357,0.511507168821069
0.429213606321071,0.65826882394869,0.291223864330379,0.529674771977667
0.265366675294024,0.558043597869739,0.286220860543323,0.715300716567994
0.43063105100892,0.558920388863721,0.485862139105798,0.377128725454042
0.641604877692775,0.531655386047783,0.326401837752981,0.602944645317223
