## Format: (1) availability				                   ##
## Format: (2) cost						              ##
## Format: (3) reputation					              ##
## Format: (4) responsetime						        ##
0.65540124304189,0.23859209252761,0.461644393655413,0.440443786543457
0.588784732640677,0.636744009026093,0.448600439358222,0.201561857143373
0.515546499607587,0.553742697047478,0.177249527149229,0.376012649806034
0.436152266355634,0.381121424239532,0.53916728713806,0.624502873186911
0.472794597539595,0.734951471924265,0.665355316484095,0.511848402737269
0.331588793768614,0.443452254792638,0.654238976617465,0.413236134765803
0.476000109467117,0.604546573699614,0.623028663189937,0.251716878712162
0.662554910706722,0.575773945216667,0.380646828081958,0.631154001014393
0.45269359175792,0.536739947204882,0.317684800832373,0.713866752908135
0.878008600769722,0.418001654302343,0.623532242098439,0.504979125810561
0.667846814782079,0.455859384724969,0.578847609886259,0.564265674523907
0.466929025753305,0.568070913158705,0.53474107564618,0.313725067411485
0.546836101456829,0.417441579427251,0.362852264861321,0.167438561511147
0.368035503026283,0.32636477700196,0.546784419059614,0.541185683154913
0.606707113299445,0.386341067660601,0.384257571375647,0.578916712179637
0.524522102671633,0.642536286967813,0.474048489853291,0.662196760275524
0.355900804583393,0.481721568056796,0.781041818889484,0.229813542186308
0.431275032230913,0.477002865179252,0.522494294055484,0.432037919147255
0.640638924257246,0.470521623936184,0.461991449299758,0.321129690139508
0.572063437070015,0.690299660077167,0.664574575440811,0.494728193535394
0.37236574107549,0.652563648819275,0.533372325825191,0.580769307266074
0.340578898548652,0.39487214312966,0.37649870400568,0.757359839909236
0.412311999345978,0.624575025693141,0.596563255806432,0.629002773198115
0.220148351740672,0.681407170993583,0.627315776964338,0.713405111502341
0.547553121872167,0.349681733356171,0.977300380009873,0.278747866283229
0.445418632487802,0.729062091928681,0.522368498696935,0.475444164094353
0.406800974440684,0.308277479516633,0.395993502494586,0.636220741842031
0.372485604296365,0.361966844310613,0.607363276219934,0.401419871646604
0.776424468763312,0.596465506913996,0.60623805960975,0.312903764442092
0.593587062580816,0.622483117021399,0.90426962336669,0.505622053809774
0.598455949285942,0.413789008710796,0.497772407666965,0.345847227237984
0.520945435696361,0.493476677125274,0.357081657727848,0.269420962797096
0.503302823636046,0.366038218235924,0.894377768149824,0.301202717823794
0.388685937541177,0.433699436179595,0.612873146573351,0.572132041422429
0.593462436093391,0.254191535847165,0.408736036746227,0.274105659042711
0.354476852268009,0.689023123241177,0.681192871743462,0.625168992698979
0.471272689526305,0.476700907250117,0.293491464854708,0.408333729991047
0.463353698391985,0.712260914634264,0.400913361499535,0.67938583839344
0.507094169422415,0.621445790932225,0.219746227580611,0.628755274951348
0.587821650302969,0.32453485565509,0.359003886175396,0.359257781466633
0.314787044626785,0.597557423962914,0.608581111594311,0.80126556474025
0.392251477313911,0.400740650605687,0.606395879171283,0.675310670588077
0.484818447686906,0.60089980433137,0.588629101788946,0.465142066926328
0.586015813640641,0.495227932914792,0.52089121460351,0.508137087212311
0.339610731784105,0.316806530588673,0.696646117856072,0.610079238165454
0.456117110557425,0.815281791855079,0.57259835072747,0.737264437194391
0.545020825677653,0.379031138532552,0.57961688887831,0.42657848387098
0.353344235249406,0.604385887623986,0.500822036879753,0.724161319096882
0.398152756814633,0.309840644399065,0.549078968737545,0.424042066722904
0.323332350175813,0.413596324101248,0.539285815411977,0.427936780079629
0.463157262439382,0.366733838737589,0.685561267538924,0.35060969923185
0.303473952155584,0.592197543805125,0.567424488271195,0.618924849262485
0.456485102010363,0.361049275999581,0.436103860919116,0.505777806146548
0.382050223024411,0.597186019106485,0.561527382791621,0.70064529022858
0.508551975693038,0.368856343468146,0.638258467485714,0.38589513548418
0.425744049563017,0.266461154085839,0.591776038545828,0.752328666540152
0.565246540294045,0.32007106712353,0.691150932941937,0.556979008793497
0.332199677928947,0.43449692975846,0.457604812199722,0.445644328175068
0.444911015986689,0.479596347410979,0.354887004024582,0.709754001318431
0.722007285855864,0.510780724501597,0.566057315913242,0.8625189479653
0.562351714493878,0.871956605278263,0.49861243109984,0.719043639198288
0.446283027046124,0.71755117296793,0.373641512403337,0.39475640913913
0.331362098853976,0.437786908196071,0.783983068979696,0.454298161431986
0.447061462101373,0.697935962070174,0.495362330018395,0.507618661131842
0.406180942883321,0.728907788311719,0.416807999495338,0.615743862377344
0.669846502090322,0.634211359459643,0.661938139079636,0.599793384231728
0.319595756209907,0.346106263876931,0.513741892247207,0.489742601220884
0.4163647962619,0.575233262710853,0.497775570755866,0.467261625279155
0.562979787125879,0.70228111995936,0.657689534321856,0.582802757192479
0.385218762932162,0.805328718010504,0.430032822429987,0.5178929006998
0.277560726938485,0.789066305187584,0.449542443499095,0.281860346044154
0.697385821219917,0.594500690435526,0.29012902624115,0.532569553078264
0.481994999104629,0.439245118455871,0.319550394685344,0.446852499378275
0.581967548410197,0.167160721457804,0.370248401376762,0.342309737868631
0.639712534286632,0.601349119522527,0.459959619309733,0.507776543828619
0.443080799439421,0.648374645928248,0.605474197978044,0.455058929972549
0.488866875950694,0.352767738154028,0.620659971407972,0.425540931292675
0.519567063049952,0.392099616478952,0.432675294014933,0.340594619737568
0.358578606094201,0.56368911355045,0.756971458721512,0.605833243673028
0.648757732790553,0.317349940137526,0.501801927261434,0.586790337131422
0.730087503376673,0.471472349605497,0.448469343741095,0.363357465376031
0.486258929756718,0.531219620315959,0.528812708137488,0.47856284145591
0.462467716723724,0.403180984771448,0.628638697877637,0.571358917026799
0.0814605640024418,0.413322618902349,0.649349014602302,0.552463086417474
0.245415028912474,0.589488291987719,0.495029916297609,0.527854853905812
0.655053744294273,0.536466019972928,0.69295105636663,0.519024316419918
0.58444555002381,0.403661103360577,0.537306547780305,0.194869326313867
0.449378470697528,0.579068478837324,0.774029897946641,0.585295112048208
0.58244961051013,0.646052102016,0.732264899496398,0.512872385925889
0.458325747470717,0.672299645879001,0.378494825082497,0.451399724997233
0.325994350586494,0.531868007278623,0.75626939635409,0.439408987477206
0.704163812238663,0.468187639334442,0.48379697433248,0.906291609932479
0.520175650259108,0.516609921108415,0.905947440691325,0.360030453685333
0.438618318054646,0.45911335302027,0.423636857265045,0.45922669917096
0.620634860975349,0.485898729826798,0.746961023415467,0.515499989552204
0.3605783647596,0.376434174769976,0.646515528271265,0.304467877683802
0.552392134308603,0.0438650081569138,0.354688572279983,0.191868248822472
0.630185812056932,0.436370632542619,0.213612645092668,0.706327213587527
0.410901411755786,0.461821798834069,0.531296498577412,0.604216787331697
0.646362197481166,0.576158329607019,0.508575308198751,0.652972720540127
0.591514619733483,0.358958003731299,0.650377997522314,0.435572005563574
0.550492702161874,0.60109200928122,0.568643373245478,0.49618145478325
0.303769961139832,0.42465988546026,0.780876288450063,0.82688099977175
0.515496853397673,0.3762019629051,0.3159535060274,0.526000225056629
0.682555008740483,0.182436784544557,0.277460918420974,0.581052093960764
0.652400612558703,0.399587882561734,0.674173920993521,0.530987381736377
0.27322590624802,0.470916411912551,0.436216479075832,0.599891852961625
0.347464831153995,0.606083191696382,0.418573362757397,0.467172831381687
0.231574251557252,0.562023922179403,0.411398327020769,0.55158771315113
0.493469112817444,0.677793859277677,0.559611489695703,0.58682359059606
0.32410415057232,0.427931895973201,0.597485084275054,0.533398802482584
0.550302169165932,0.593828995871405,0.770744718676263,0.544333308892478
0.772804057693997,0.596255327120488,0.622697031238573,0.353972186792237
0.631043853076233,0.384045387439183,0.541320139479977,0.485096693466284
0.430715933271715,0.529928014682577,0.799042703405932,0.581109484001449
0.427089172912941,0.409749177325047,0.565986141951404,0.432271156719758
0.414628081956044,0.343070663441996,0.438107135350951,0.609128545331825
0.432075222424497,0.71630175625126,0.464907364359677,0.373658856741829
0.747899755166451,0.510621939008624,0.493006620989449,0.729541256483332
0.309488188118569,0.353252831995591,0.740520117123934,0.447613493073107
0.331648747936534,0.435557103591749,0.514008684528712,0.383082215924227
0.372816190291095,0.496043680474588,0.3584370710683,0.668679098418183
0.450939536892608,0.50215784542687,0.436219143643657,0.517717980071603
0.50080715781509,0.540776459902483,0.250640517204516,0.53416285947751
0.531983424310961,0.528809184832439,0.536277969599366,0.501546172536963
0.624469181297555,0.563684545065526,0.298193250332038,0.432141182583325
0.45775064690227,0.598047721641903,0.689798160835132,0.436351533611793
0.687716623369449,0.509651519828746,0.735880126878453,0.38435110583602
0.467679894373716,0.489480913103715,0.63953903189696,0.552976753658243
0.448453438699968,0.393874836748998,0.497102209657945,0.715312081311092
0.393259121547927,0.451620327769785,0.54007353581417,0.46545279818959
0.356104487464056,0.514166281471484,0.741406922733176,0.570979197792856
0.309014123579982,0.345878542454564,0.592885864814354,0.32271069451011
0.474312495450557,0.811903741718532,0.550139154285237,0.624313277744501
0.401460359854113,0.589578256278285,0.626445415890052,0.662314864582354
0.0725415632862624,0.219380690441634,0.394441808532287,0.422525019383661
0.291742303680562,0.567523664292562,0.344862328568179,0.376452823146157
0.548753088678858,0.367679368900606,0.446481941550064,0.699802452092164
0.638745098374823,0.618367325789836,0.473564198544857,0.373150443096373
0.422438125955447,0.508820984924145,0.702050901834479,0.560460603065712
0.270660975034789,0.532332459768251,0.535056820039141,0.443148466035043
0.580844860563951,0.525863031538289,0.451247859753828,0.394762705660189
0.621836733568163,0.400269663419475,0.676660440429917,0.445042767094781
0.401172381026959,0.314822804085222,0.359349974655047,0.394401150649422
0.6313691349356,0.588623870424212,0.722492603618685,0.388476100696708
0.424348728962179,0.639096500652898,0.612892306229574,0.550245617406983
0.525318557172,0.566264004873513,0.349767242665893,0.534243131821073
0.659869543075563,0.327604027570873,0.741301156226432,0.344869697267468
0.380370052100466,0.637544634319746,0.678000233087645,0.495006490495058
0.38516534565062,0.568599489603089,0.254832249662858,0.581572338504074
0.592878846902144,0.887655665764983,0.427779875014843,0.671735142144587
0.663945983740955,0.565389538420761,0.460328967382756,0.505905468631395
0.644502482941409,0.691441688756233,0.650581380709564,0.476707967832566
0.492501488742342,0.662446070317779,0.603262749744758,0.559009514952353
0.568414464224797,0.54585470827048,0.608714898981328,0.514783999811668
0.595412152198021,0.37778371222501,0.484339424881425,0.340332929312985
0.761143434469686,0.340190557891267,0.73817295888499,0.165979250029852
0.665168581662041,0.770728103287384,0.55034156014902,0.413230712690197
0.530353895544199,0.442202173942525,0.645723120034634,0.501596565373511
0.250557318169281,0.390822666869193,0.373017717841333,0.387922687979389
0.26931031236134,0.451717885638071,0.569004382971067,0.400361179306502
0.171281642534689,0.95080297322712,0.665896069978141,0.350633765453014
0.740773773857476,0.554242851084454,1,0.226767380569684
0.581114297054569,0.617117234189613,0.528247557849957,0.848853911612629
0.555994147506776,0.584781602950188,0.809221984593269,0.668820636497277
0.298315120387884,0.544883007770367,0.353719534476399,0.512826077892932
0.36248194213029,0.166212714132989,0.342800592663687,0.576842345925403
0.549041208630759,0.384828457694069,0.660598132053879,0.47986311959957
0.478055354473439,0.440107260399872,0.722055196705548,0.464335185496232
0.344071248846612,0.604695127238224,0.603116794325668,0.767363064059485
0.534773764824568,0.405167065145251,0.655463856819274,0.536250307532418
0.361988465392868,0.165011963933572,0.386984113128104,0.635177108841999
0.397456133152842,0.590531616198038,0.565943608221392,0.438494843633462
0.346237125445773,0.684106585852984,0.44860784342682,0.640378662626026
0.538079449255666,0.817094608449092,0.377066495175295,0.283915497894088
0.339269987690587,0.65706265618953,0.856036120725493,0.688706756846075
0.672796402102202,0.750050528003679,0.783443497671414,0.338246975414956
0.421974664861107,0.397738788746016,0.0332133978566842,0.631407765508322
0.552523076428454,0.405955723982498,0.459778640040104,0.566760781268078
0.497500784829,0.551025157294246,0.47237030963298,0.378981979855924
0.403082021246101,0.781401135388051,0.213167556041214,0.544253196124229
0.30947474014516,0.442497818591251,0.688877333419648,0.55605344760332
0.301084980242948,0.4811559618089,0.55102636995706,0.511227507677329
0.630236981975786,0.443513696782456,0.492241595653529,0.59504180986983
0.603591144464245,0.447052121935753,0.0384819043425485,0.641477650222792
0.582769351021712,0.408246242042329,0.465836549683217,0.318924697156955
0.469935244763214,0.62968608558839,0.741804122417177,0.707941206883441
0.449954961181716,0.323930432927884,0.705796862680646,0.583510905528852
0.472321052541424,0.700839663261166,0.871048773797308,0.672611105201457
0.479343809389169,0.381074736689762,0.65929177870677,0.234258948898842
0.339667964375421,0.418843733699273,0.379486340769047,0.356896848704183
0.495062963253818,0.413842174151662,0.59041619186782,0.602132998093597
0.43310670425972,0.286058789153031,0.738602800487407,0.671663322566007
0.391720511997213,0.440742509986072,0.574371692373363,0.657850149193233
0.383973377142597,0.46870500889475,0.562492218374499,0.529536482871149
0.490402991883386,0.281772464128745,0.678617281816862,0.698132912735561
0.449592308261987,0.514391057469697,0.377665019631687,0.568869109137741
0.336497431823041,0.251084497278384,0.359627753615795,0.247539522294591
0.591520870750248,0.504682262943907,0.55407952251595,0.36467588210149
0.293290503976027,0.328033115713928,0.383877026451759,0.538604600333194
0.4298945028882,0.676018475218822,0.559077384094437,0.60191204013331
0.390442221930021,0.461578121104283,0.345468165673375,0.471668716028829
0.527109784629617,0.433127532889679,0.606665899480116,0.488314244754896
0.553840383607264,0.636621267139079,0.542699785145444,0.724242520330121
0.372560123218423,0.45942190288852,0.42321571095139,0.478328814195459
0.603921348531902,0.570137998201344,0.359206297490805,0.609960393669663
0.40557729784015,0.213817190461421,0.489816515003181,0.390140045949422
0.4065904255473,0.485130388069406,0.326153917619735,0.0878637101126532
0.762690634220587,0.556164979521263,0.317840634871167,0.488682722146796
0.560087810726919,0.683206264345525,0.621532441984039,0.495567221599382
0.692238567391795,0.740082774677208,0.505147175017583,0.818269820904265
0.533994152177716,0.578049628591738,0.457847680509553,0.0552960107617159
0.369806109277511,0.620303724751116,0.430927449278794,0.460292839026928
0.526754144864547,0.852403976540522,0.575823161380788,0.253330015413791
0.607443465001375,0.630407633744906,0.414247170464301,0.576642979061989
0.550630340730455,0.447884470719003,0.505682263966676,0.630477638905258
0.520541334195566,0.425090748879069,0.392770900446496,0.586233246650535
0.222802854623488,0.509311902691112,0.365421979226507,0.532510325117574
0.742262469871487,0.316722053147989,0.355576525722438,0.417817212591686
0.564530302904996,0.379525301091262,0.581509868741409,0.596158743952337
0.462448081118571,0.655588345546053,0.31801136993188,0.591790003146491
0.600408602484217,0.665041336999176,0.555093699936468,0.393698803855426
0.463823343016824,0.685166493218366,0.533412213903823,0.352970882632856
0.457821880244654,0.658210834677998,0.534801239696156,0.666914095058687
0.518492808607321,0.65555774133136,0.43504989496254,0.583305496911163
0.559164947014206,0.664428829349099,0.440177967683486,1
0.547715062998312,0.646999466931947,0.625269294355785,0.38339107372514
0.542235867513955,0.534096809772124,0.380204430628274,0.513777563643129
0.355039447716334,0.604985814825515,0.27430417278985,0.572415724967102
0.619950642347112,0.241649212359395,0.689369281015136,0.374544726066348
0.178638599682856,0.627838035229106,0.569948816235643,0.535688135909686
0.593166988974581,0.73609589171638,0.551938282551631,0.592774322571578
0.342348001159554,0.45276742705421,0.19201949831695,0.492190491356701
0.246198511598018,0.557090836696377,0.40954570167348,0.156220207251607
0.593009117957331,0.350085081627073,0.559273894893668,0.771913492609591
0.507220809903073,0.439246613466684,0.614359218839207,0.282436609879715
0.41218072757696,0.349715136378934,0.571240815987712,0.474836644283047
0.579898351554691,0.456451834836234,0.255901652171109,0.64793780512637
0.377489216623284,0.318669845230015,0.355076551480589,0.736406106544737
0.398279112054345,0.450720742991669,0.400759620407764,0.800289393538634
0.420290222623016,0.485954128497202,0.525832079241379,0.638207693186189
0.439809986235064,0.397468251100364,0.477176075865443,0.499423902819135
0.333967526196751,0.352380515213682,0.68916138045851,0.59148555027787
0.466689981505416,0.631035263920618,0.826468005621104,0.439268210676939
0.532588452801488,0.384474208261154,0.410676008962677,0.629342018376852
0.662184809963951,0.738002901473778,0.304518464432223,0.630685938680986
0.638270332019531,0.813330453482365,0.379952424401666,0.437041645019334
0.411114290188849,0.451269478508716,0.407279547786377,0.625924140070697
0.50257698847377,0.367701847455696,0.492611552660018,0.178992499297942
0.45607146202538,0.420965265073469,0.494380637796033,0.167436397201876
0.439636931946374,0.635757158361735,0.638987888039798,0.341953118896249
0.509053246435188,0.462626030080978,0.43641441266402,0.304697247989256
0.625058496686006,0.227013190553553,0.385465282364934,0.699023365224376
0.41876685935057,0.429084503580351,0.661669839722916,0.43011545392284
0.443010478318766,0.788555967118814,0.805423705571106,0.636075307072341
0.561220859643763,0.327734372371458,0.543801792874832,0.710921501740911
0.612176729171587,0.584046403528247,0.445439344101921,0.380480569890031
0.524616831662036,0.575622464241549,0.41126924939065,0.660724818236742
0.348859131816179,0.753012921273169,0.294521973845352,0.509609831338232
0.628929541832238,0.253672280060522,0.221013526698139,0.44183399748919
0.475405303616262,0.637110285725648,0.446164076438366,0.29498225482112
0.516948467375527,0.61928963045322,0.336957870765127,0.523145328921452
0.645374421386907,0.575875106713654,0.521918142920702,0.524623502305012
0.501924726669265,0.390249969063529,0.563563531552458,0.580713546021269
0.456389468187011,0.603014887911535,0.119227287257794,0.690225923340909
0.817963362990726,0.491991847200236,0.714706055318244,0.424680726346326
0.483886909984743,0.785277685662852,0.495159501009598,0.375996014588528
0.553346323961986,0.568175425826118,0.7742231732667,0.437003149285588
0.430324966149841,0.574791077879138,0.439145573454163,0.799378472202595
0.399757064802435,0.290107183389431,0.711593268916273,0.294946305572821
0.571390063912927,0.434304465078331,0.435317534639097,0.385795553169076
0.488084607609375,0.502464235865976,0.85620785852431,0.448907906999441
0.380431347550026,0.373256320247272,0.356764929204982,0.400407481019214
0.239612727067731,0.647121697337321,0.369781948237319,0.354731265713803
0.427328006879651,0.540685071286559,0.424300058418578,0.556734286195399
0.56715734299453,0.242965643004564,0.59009802669387,0.413479994025895
0.626417476247968,0.62228319528099,0.514334741913362,0.490552502095081
0.688280013020958,0.458439601145783,0.526920781449533,0.514787981847621
0.362334871330343,0.31797662885643,0.441106528883087,0.481159007886952
0.586914866432067,0.74214834098751,0.396765906331972,0.511448508404554
0.48362980600229,0.56609358217796,0.596230447349734,0.312282913892676
0.540219403951944,0.189940070836265,0.442865787257056,0.21250528908763
0.332772496399719,0.420110344198278,0.357237184366165,0.41515636386602
0.633896719395068,0.83059792841294,0.556441816843428,0.292181528321883
0.675865721115314,0.395215773099406,0.294271704314527,0.364302176158692
0.41468831911135,0.501363705953655,0.468129843080878,0.7395063278411
0.666215850774298,0.691966821105655,0.102628326158197,0.696763760895408
0.597003277764892,0.751215679435378,0.433503642323285,0.596707564221387
0.350958975088565,0.384710267901278,0.292028332226527,0.621625236550472
0.501716752934386,0.460478940689211,0.541743475556493,0.239877734527759
0.479589646220947,0.56400420909566,0.402622614099295,0.375296940199613
0.569488926740167,0.299142202789224,0.703826042942193,0.527670605420037
0.477573735222821,0.651467277567389,0.401719053265335,0.500275439498551
0.455119070110455,0.721969953920061,0.766465573448869,0.206080092076478
0.45548154788349,0.502250619545677,0.364780775890163,0.406377721556421
0.559125705920018,0.597539132237992,0.444693714628273,0.482921662336389
0.341719504733571,0.621814792531692,0.643169690987995,0.487591954157999
0.44205005877008,0.490876272764014,0.718116547365166,0.495720650962034
0.314189508438567,0.418238511917498,0.341998953955762,0.644513083470935
0.564433337205128,0.279833747894918,0.544053437965056,0.618401187407765
