0,7,0.0664087865062744,3,218
0,7,0.262538497429615,1,60
0,7,0.00168665833452481,4,421
0,13,0.0318166519141833,1,455
0,13,0.00522875785638557,4,94
0,13,0.14180142864108,3,386
0,13,0.0166396440124863,2,16
0,13,0.156645925623288,4,367
0,14,0.0486554003491515,3,275
0,28,0.01150095740501,4,99
0,35,0.193848716192777,4,135
0,35,0.126165357366406,3,490
0,35,0.118662760547287,3,244
0,35,0.149946175941133,3,176
0,35,0.196325660156045,2,163
0,35,0.197858986134456,1,203
0,35,0.0371519159381183,4,253
0,36,0.196421269699896,4,376
0,36,0.116869041669809,3,439
0,36,0.174085710590222,4,17
0,36,0.151474597603423,4,342
0,36,0.099624843321889,4,343
0,36,0.114381025639855,4,448
0,36,0.0797908520971966,2,85
0,45,0.138599754463078,2,30
0,45,0.00222832507335974,4,496
0,45,0.189006769416418,1,420
0,45,0.112221464151904,4,328
0,45,0.084900841738031,3,405
0,46,0.113155776165294,4,459
0,46,0.201420465129389,3,465
0,46,0.0127416605536148,2,146
0,46,0.0107991671437682,2,416
0,50,0.0669125846577719,2,409
0,50,0.180722633818108,3,312
0,50,0.115662304330457,4,477
0,50,0.00972947900142762,2,349
0,50,0.0655692079521948,1,376
0,50,0.164113475985828,4,261
0,52,0.0559609727023157,2,155
0,52,0.128728737981314,3,469
0,52,0.00701738584498835,2,393
0,52,0.113300415993911,2,198
0,52,0.11920763033864,1,247
0,52,0.0239699412603015,3,317
0,52,0.209484126405953,1,60
0,57,0.0407186063923048,3,83
0,57,0.0385691957762484,1,204
0,57,0.159931585704208,4,439
0,57,0.167768922630781,1,495
0,57,0.0325077309645788,1,269
0,57,0.0613654859036191,2,17
0,57,0.0690553714608785,2,11
0,64,0.0847418031438879,4,323
0,64,0.218218949842319,4,478
0,64,0.0583804403821163,3,422
0,64,0.0420447443450325,4,335
0,64,0.115738147637354,3,59
0,64,0.168889851987354,3,237
0,64,0.0105718182603326,3,290
0,64,0.171528327123213,2,157
0,64,0.142144492764302,4,194
0,64,0.151009871417003,4,178
0,85,0.254637336380751,2,180
0,85,0.10838368370757,2,165
0,85,0.21040527220775,1,283
0,85,0.15968882825953,3,243
0,85,0.0777182186881245,2,303
0,85,0.0410735496473527,3,243
0,85,0.0631285253380892,1,392
0,85,0.0976406619750969,4,16
0,85,0.0040614749164207,3,0
0,95,0.12937928810185,1,447
0,95,0.169324403742218,3,483
0,101,0.0406887425959303,3,70
0,114,0.163569430131962,4,445
0,114,0.0589468494143906,2,44
0,114,0.202337435927771,1,10
0,114,0.101166784375624,1,215
0,114,0.189123664944463,4,441
0,118,0.0350965931160091,3,128
0,118,0.135259515701257,2,143
0,118,0.247778388482551,2,359
0,118,0.0964408316633505,2,147
0,118,0.0888565022506191,1,278
0,118,0.145319163657386,2,66
0,120,0.0243031690319255,1,362
0,120,0.0817423272585054,1,189
0,120,0.245860644332713,3,38
0,120,0.100222992040557,2,438
0,120,0.138742721085508,2,347
0,120,0.0069095158283335,3,143
0,120,0.0863474739009663,2,453
0,120,0.101142541329936,1,173
0,120,0.0861908244419695,3,128
0,120,0.218434879216564,3,180
0,129,0.26314698319516,3,320
0,129,0.0581662305721839,1,208
0,129,0.0822683291285074,4,429
0,129,0.136597531037173,3,421
0,129,0.0932277071463994,1,14
0,130,0.0344550924769824,1,137
0,130,0.168199965763534,4,80
0,130,0.155796013574051,2,356
0,130,0.0112579661154502,2,356
0,135,0.0130520417996929,4,156
0,135,0.0432587124852076,2,226
0,135,0.150709042165203,3,396
0,135,0.0305348152152571,4,439
0,145,0.193143955472861,2,369
0,145,0.118517728319441,1,405
0,145,0.107153812856917,1,18
0,145,0.108147051920451,1,348
0,145,0.173788397417494,3,107
0,145,0.088262755656716,4,374
0,159,0.148824891134696,3,344
0,159,0.176969645905658,3,99
0,159,0.0669440244148233,1,262
0,159,0.0319790411702515,2,464
0,159,0.170068875382213,2,54
0,159,0.00523166278086808,1,191
0,159,0.156319233798241,1,25
0,159,0.0328280469092425,1,319
0,159,0.0813986050162382,3,282
0,169,0.0590730478337845,3,271
0,169,0.103798386280451,3,309
0,169,0.0257229987694636,3,26
0,171,0.0401119078027019,1,166
0,171,0.156643253701832,4,25
0,171,0.192827737239033,1,296
0,171,0.049766058111308,3,141
0,171,0.0433023557383825,1,192
0,171,0.115357987351598,1,258
0,171,0.0469985048509654,1,205
0,188,0.0820590431655883,2,237
0,188,0.0541794406853531,2,457
0,188,0.0549744586318568,1,162
0,188,0.14127329369745,1,233
0,188,0.0988037192559654,3,486
0,188,0.14948995283455,3,62
0,188,0.188182764694083,3,51
0,188,0.0151966176101748,1,437
0,199,0.191302834304316,4,389
0,199,0.146544565045896,2,348
0,199,0.00743040291659651,2,461
0,199,0.0531361094086774,4,356
0,199,0.0257311386538015,2,41
0,199,0.0845538913202347,4,492
0,199,0.124823036397652,4,73
0,199,0.200345590993921,2,424
0,199,0.126665775017085,1,354
0,199,0.113181586026059,1,422
0,200,0.122609966623165,4,298
0,200,0.0244237091227749,2,145
0,200,0.141687641026003,2,431
0,200,0.100664802126204,4,20
0,200,0.206742309862989,3,361
0,200,0.0666867759220581,3,46
0,200,0.184034334889892,3,382
0,200,0.135726997811494,4,168
0,200,0.0426139136129097,4,460
0,201,0.0646641202625019,1,39
0,201,0.053517319517216,1,429
0,201,0.103545405253328,4,182
0,214,0.0124842017668865,1,87
0,214,0.0187571870837601,1,129
0,214,0.195301115034192,2,183
0,214,0.125531755147712,2,305
0,214,0.103905058181947,4,408
0,252,0.195429984371096,3,172
0,252,0.101553019151429,2,302
0,252,0.110071911401511,4,419
0,252,0.0927216625978904,2,71
0,252,0.212782419180085,2,100
0,252,0.0582747204787099,3,446
0,252,0.0089418485212827,3,19
0,254,0.134190674724122,1,407
0,254,0.0784143356783284,4,338
0,254,0.0319764079803799,3,394
0,254,0.136891277856006,3,16
0,258,0.0781561806876555,2,389
0,258,0.0807658062415608,4,18
0,258,0.0554771083109988,3,330
0,293,0.0127115504715856,1,170
0,293,0.113854531578069,4,167
0,293,0.0346172251800936,1,389
0,293,0.1292494772553,1,159
0,293,0.134383832893427,3,253
0,293,0.165005863381626,3,200
0,293,0.046318887360012,3,7
0,294,0.200622655637907,1,243
0,295,0.162679978668819,2,150
0,300,0.00858626146341691,2,358
0,300,0.0877127249813606,1,443
0,300,0.147095398184691,3,113
0,300,0.0540691847471496,4,487
0,300,0.132740823566193,4,471
0,300,0.0854277147279318,3,486
0,300,0.00981723121210387,1,145
0,306,0.174832673873533,3,331
0,306,0.00322807607111462,1,435
0,328,0.0586679854672403,2,47
0,328,0.137107445719264,3,271
0,328,0.0797359423374048,2,138
0,337,0.122451347851617,4,164
0,337,0.189241050890779,2,465
0,337,0.119321236782575,4,224
0,364,0.172888466745024,3,251
0,364,0.117603115181699,3,115
0,364,0.0445985603331036,2,376
0,364,0.0186456396223427,2,346
0,364,0.081009064925072,4,261
0,364,0.038488552464051,4,84
0,364,0.0503802169109575,3,251
0,364,0.00879289291651846,1,106
0,364,0.109968563628901,1,179
0,364,0.124047727818829,2,276
0,369,0.225212592160639,4,25
0,369,0.0642354360436815,3,187
0,369,0.090034206796796,1,173
0,369,0.117907503409713,3,133
0,372,0.117907503409713,3,229
0,391,0.0201355834357596,1,123
0,391,0.0275621891646639,1,387
0,391,0.0688823467317706,4,150
0,391,0.00302322059835621,1,162
0,391,0.167757235529083,4,48
0,391,0.0879619204664479,3,102
0,391,0.0282894760401056,2,41
0,391,0.113779650760912,2,6
0,391,0.0949270804343243,1,147
0,391,0.0416840429181579,1,91
0,397,0.073659109540555,2,459
0,397,0.0199185924842269,2,258
0,397,0.0335497450822393,4,351
0,397,0.0802412271647156,1,269
0,407,0.0141589976884539,3,401
0,407,0.0928226851513928,2,216
0,407,0.15743495424132,3,165
0,407,0.179297195658502,4,92
0,407,0.070112590298178,3,55
0,434,0.0962775567233675,3,430
0,434,0.0558330020400335,2,462
0,434,0.147747645337801,2,212
0,434,0.0822999165664522,4,433
0,434,0.168166477298272,4,81
0,434,0.0872877832911124,1,430
0,434,0.0115164164404063,1,286
0,434,0.0900203403243336,1,193
0,434,0.0110523865147853,1,242
0,451,0.103591076166256,1,364
0,451,0.115159007631385,2,331
0,451,0.0736908926277268,3,208
0,451,0.0622827543310977,4,166
0,451,0.0580023513260232,4,166
0,451,0.0109912450519147,1,61
0,467,0.1103674422531,4,290
0,467,0.0106468249862166,3,203
0,491,0.0474844331989056,1,439
0,491,0.0420729239177077,3,269
0,491,0.0443941274357367,2,349
0,491,0.167219802447292,1,227
0,491,0.160434954269015,1,454
0,491,0.0719377522432072,1,196
0,491,0.139807943563433,4,298
0,491,0.0754611404670202,3,374
0,491,0.0162716684879184,4,76
0,498,0.158682886298501,4,277
0,498,0.177215547995106,3,485
0,498,0.000492619428595861,4,266
0,498,0.0369422938505685,2,136
0,498,0.0877770837753313,4,225
0,498,0.118416374572757,2,141
0,498,0.0422638107176213,2,35
0,498,0.0994986935816535,1,389
1,2,0.0599703619974609,4,425
1,2,0.128768609033774,2,90
1,2,0.0527295860585094,3,325
1,2,0.159266280362931,4,375
1,2,0.0261298082147108,2,373
1,2,0.0408024953084123,3,477
1,2,0.00556379950075064,2,30
1,2,0.170135249384235,2,82
1,2,0.239747018449538,4,161
1,4,0.155238978531317,4,38
1,4,0.073126954090156,3,102
1,4,0.0854633795899092,4,437
1,4,0.128060062760074,4,83
1,16,0.0703355782171397,4,342
1,16,0.204989167997932,3,428
1,16,0.0493258734480842,4,357
1,16,0.275334844318593,2,336
1,16,0.120403513687308,3,270
1,16,0.0843442882360444,3,39
1,16,0.089504459174621,3,446
1,16,0.0865613371509452,3,266
1,16,0.0651082054122153,3,24
1,19,0.145902131443089,3,5
1,19,0.108629480313344,3,371
1,19,0.225854938619969,3,375
1,19,0.0344234073529668,3,470
1,19,0.0447195234236473,3,475
1,19,0.150875773006942,4,420
1,19,0.129269326751999,3,174
1,30,0.164823484317097,3,120
1,30,0.279038603893727,3,4
1,30,0.178090119527807,2,340
1,30,0.00931499687885643,3,164
1,30,0.0425859455119624,2,222
1,37,0.0999731050694427,3,295
1,37,0.0856230302955555,3,470
1,37,0.201773349856391,4,484
1,37,0.0476533285640452,4,354
1,58,0.110457673912341,3,178
1,58,0.147509938580199,2,476
1,58,0.148675125113843,3,224
1,97,0.184114022068844,2,497
1,97,0.00334644772079096,4,291
1,97,0.0181895031965557,2,438
1,105,0.0345358847443611,2,280
1,105,0.0230512974117544,4,163
1,105,0.10958953626939,3,178
1,105,0.139052542512602,3,213
1,105,0.202331680354253,2,438
1,105,0.220413434566929,2,89
1,105,0.179709071567792,2,438
1,105,0.203608400223814,4,110
1,105,0.147268444018412,4,336
1,168,0.00298995514496157,2,363
1,178,0.145945021191898,4,309
1,178,0.0635628491375299,3,325
1,178,0.0545444802373442,4,189
1,178,0.0607418576031981,4,477
1,178,0.0300396404180903,3,20
1,178,0.0934682356893725,2,43
1,178,0.0505473409329292,3,172
1,182,0.168349352298027,3,386
1,182,0.0259599547532851,3,298
1,182,0.0533162475522804,3,95
1,182,0.17350309471082,2,465
1,182,0.0393391919464299,3,39
1,182,0.0331813936417145,4,227
1,182,0.03708606147236,2,185
1,182,0.09550694618842,4,346
1,190,0.113833114002385,4,181
1,190,0.0351067280231624,4,357
1,190,0.0920110589014304,4,377
1,190,0.0852472799813979,4,10
1,190,0.120299998908572,3,483
1,190,0.137850581517687,2,242
1,199,0.254375249355186,4,359
1,199,0.161941923827941,3,12
1,199,0.100846374370678,3,356
1,199,0.0873577493982234,4,368
1,199,0.189561972320186,3,306
1,199,0.287098897473213,2,336
1,199,0.12715124731294,4,363
1,199,0.0334412329687223,3,491
1,205,0.0145225350802239,3,178
1,205,0.143810488609288,4,342
1,205,0.171662328425677,3,180
1,205,0.0916474316521405,3,434
1,205,0.0200493106717396,3,113
1,206,0.100778019711315,4,107
1,206,0.0320972015866164,2,152
1,206,0.124540656184573,4,192
1,206,0.109284309665104,2,129
1,206,0.246315926866143,4,147
1,206,0.0412211670155672,3,227
1,206,0.117760944109425,3,155
1,206,0.0617062317126616,2,227
1,206,0.116594100079982,3,157
1,206,0.0851527543985701,4,404
1,219,0.168066788940664,2,427
1,219,0.0698489097344569,2,5
1,219,0.119191785908334,2,17
1,219,0.203138126707427,4,87
1,219,0.105776986593158,4,45
1,219,0.236679429902447,4,396
1,223,0.0399249817112614,4,404
1,223,0.191949242255827,4,90
1,223,0.0821129127383864,3,38
1,223,0.0123806941136385,2,466
1,223,0.0244006798224349,4,352
1,223,0.11019478409712,4,249
1,223,0.170430275726716,2,340
1,223,0.0664598002844415,4,352
1,223,0.070536341664139,3,334
1,223,0.168186403775745,3,182
1,249,0.087797152787889,3,253
1,249,0.0912418332405138,4,479
1,255,0.129373893736556,2,51
1,264,0.146061659241703,3,398
1,264,0.0727365203454155,4,401
1,264,0.0887804529986504,4,70
1,264,0.0778691455421625,4,183
1,264,0.0384638960535134,2,442
1,264,0.151041302701501,2,200
1,264,0.0888563376036147,4,158
1,264,0.0866905799927213,4,485
1,264,0.155708356704379,3,429
1,264,0.0361106816419264,4,32
1,265,0.0489626615757492,4,19
1,265,0.0769335183172026,3,291
1,265,0.031573992023483,2,56
1,265,0.0335353304415285,4,366
1,265,0.0299618929748642,2,407
1,265,0.265245075411817,3,331
1,265,0.29588550783105,3,381
1,272,0.0373144201289307,4,37
1,272,0.0493826788599898,4,348
1,272,0.106416029472895,2,321
1,272,0.078272211776526,3,378
1,272,0.08852739288879,4,63
1,272,0.0219629986254765,4,379
1,272,0.0870805843328018,4,344
1,272,0.146845810492055,2,137
1,272,0.0202565491244375,2,378
1,272,0.117483553978038,3,242
1,283,0.209113670865703,4,62
1,283,0.149723209923166,2,44
1,283,0.00987908491222669,2,387
1,283,0.0586603443372115,3,257
1,283,0.141707231253749,3,304
1,283,0.167188560038772,3,352
1,283,0.033051372104764,3,362
1,300,0.107663588504034,3,219
1,300,0.161694513733027,4,353
1,300,0.150910133329369,2,369
1,300,0.168049726236779,2,23
1,300,0.0356255913113351,3,313
1,300,0.0996329623144418,3,18
1,300,0.068722060605949,3,95
1,306,0.185744679119563,4,147
1,306,0.0735214914123786,4,396
1,306,0.0746824294146057,4,142
1,306,0.0462928348332731,2,442
1,306,0.0150197065593417,2,445
1,311,0.0641657640643122,2,138
1,311,0.0625258837411519,2,359
1,311,0.0846703993004341,4,482
1,311,0.186965493513042,2,19
1,311,0.116932271496824,3,19
1,311,0.110160771447438,3,132
1,314,0.0074138370593183,4,320
1,314,0.161817284970243,2,281
1,315,0.0116801549399942,4,252
1,316,0.119481972622439,2,13
1,316,0.0404940438376665,2,28
1,316,0.173813774559775,2,54
1,316,0.0863604378998269,4,273
1,316,0.0185296171325067,4,325
1,316,0.184845359199747,2,37
1,321,0.0516289460427836,3,324
1,321,0.102356206136583,2,163
1,334,0.167595253413719,3,390
1,334,0.165761774400152,4,404
1,334,0.130862267689013,3,298
1,334,0.174110235921319,2,239
1,334,0.0670994896174103,2,217
1,334,0.0473824570238074,3,467
1,334,0.0557126793894322,4,258
1,334,0.0969673575191829,4,374
1,347,0.192711193250364,2,205
1,347,0.0570309118328169,4,43
1,347,0.0778503723481027,2,375
1,384,0.267104451886439,4,396
1,384,0.196357621656429,4,387
1,388,0.00430456714642713,2,28
1,388,0.109150057803374,3,257
1,388,0.0611015850667348,3,194
1,388,0.0925453724667143,4,120
1,388,0.0480101991836276,4,48
1,395,0.0360800205018365,3,326
1,395,0.0218457023424382,2,21
1,395,0.138855275281553,4,139
1,395,0.0481917466867998,3,119
1,395,0.0623675358323247,3,206
1,395,0.149946197831103,4,462
1,395,0.072444541132558,4,294
1,395,0.0501644908075128,3,462
1,395,0.0266344772940524,3,262
1,404,0.0533220468320009,2,195
1,404,0.0240788278511893,3,281
1,404,0.136806504314797,3,232
1,416,0.0944009929851277,3,476
1,416,0.16985748782921,2,224
1,416,0.0653003135359515,4,136
1,416,0.0791604651271188,2,399
1,416,0.103865172686917,3,162
1,416,0.0351827466038184,2,381
1,421,0.149786826752068,4,364
1,421,0.133795596131893,2,340
1,443,0.199601665222635,2,350
1,443,0.0331230054528282,2,93
1,469,0.0159158655035674,2,58
1,469,0.112610740851519,2,166
1,469,0.0298859074394291,3,73
1,474,0.139802791084355,2,432
1,474,0.188018235138165,2,243
1,476,0.116248659330842,2,144
1,476,0.0975277365811613,4,59
1,476,0.118032594891485,4,67
1,476,0.0525444296052234,3,298
1,481,0.0463243842467783,3,229
1,481,0.178632998553998,4,138
1,497,0.00545120992802612,4,484
2,2,0.11492510252193,4,287
2,2,0.0782438806085489,3,425
2,2,0.085452626285174,3,391
2,2,0.0522634925172806,4,367
2,2,0.0806093165171739,4,162
2,2,0.0129875619080108,4,72
2,2,0.187981996588095,3,362
2,2,0.0874258196823389,3,52
2,2,0.194208072358513,3,360
2,22,0.122355614493553,3,289
2,22,0.048392549800378,3,98
2,22,0.0722759583610157,4,117
2,22,0.0279493446541904,4,59
2,22,0.0762486267146753,4,376
2,22,0.152271376357142,3,476
2,22,0.0947594619434358,4,174
2,40,0.118510203538595,3,309
2,40,0.094908152428474,3,278
2,47,0.0291796298602414,3,146
2,47,0.0345745794087331,3,111
2,47,0.226750119743763,4,329
2,47,0.0983312254137859,4,298
2,47,0.137639224600547,3,362
2,47,0.200950574658889,4,140
2,54,0.0289056835708137,4,207
2,54,0.17281708289355,3,296
2,54,0.215718000151149,4,80
2,63,0.133503870268551,4,192
2,63,0.107709664585957,4,315
2,63,0.0789683522123038,4,485
2,63,0.120923000587878,4,163
2,63,0.198755997282276,3,145
2,63,0.134362759378851,4,75
2,63,0.175930151062636,4,0
2,63,0.186511114706092,3,99
2,74,0.0963525483491146,4,394
2,89,0.198263892705271,4,92
2,89,0.0124592476461495,4,389
2,89,0.0247511726348806,3,39
2,89,0.141631786716643,4,57
2,89,0.14800548400692,4,183
2,89,0.182540698601346,4,180
2,89,0.0285191146836632,3,77
2,89,0.0391729950479782,4,375
2,93,0.0974438026510108,4,402
2,93,0.281834626415759,3,245
2,93,0.00208643445412344,4,385
2,93,0.103861524064321,4,229
2,93,0.061337381294152,4,39
2,93,0.143779157454306,3,137
2,93,0.0585857924278403,4,353
2,121,0.0968572204287273,4,103
2,121,0.121670032892751,3,196
2,121,0.0528134246627406,4,348
2,121,0.0655765341357802,4,363
2,121,0.0398581326642338,3,117
2,121,0.0838889725610843,4,452
2,121,0.134265913262624,4,5
2,121,0.153597734152478,3,388
2,136,0.138033922131082,3,45
2,136,0.0756753885318258,3,341
2,136,0.0214986508737502,3,57
2,136,0.0539589026221147,4,410
2,136,0.0104147207302164,3,457
2,136,0.236011820958905,4,213
2,136,0.122437257497015,3,76
2,136,0.118821091745479,3,431
2,136,0.181542912689544,4,83
2,152,0.0791870573394649,3,432
2,152,0.0963416780445876,4,472
2,152,0.265466036651388,4,85
2,152,0.235034550560822,4,33
2,152,0.15685766225443,3,393
2,152,0.012570555853872,4,231
2,152,0.062328915700055,4,185
2,152,0.0762682148694352,3,477
2,159,0.0647922560701138,4,497
2,159,0.0626398896735453,4,356
2,159,0.158029614275746,3,346
2,164,0.0834658015941901,4,358
2,164,0.100097358484349,3,54
2,164,0.217320114978783,4,294
2,164,0.076746238201821,4,480
2,167,0.202098033491066,3,416
2,180,0.0403732250806186,3,426
2,180,0.184833657112647,4,428
2,185,0.00336068471917574,4,289
2,185,0.0962305473214205,4,245
2,185,0.102119112372966,4,373
2,185,0.258047542602439,3,287
2,185,0.0126572832564194,4,440
2,185,0.201403097838147,3,474
2,185,0.00437606010874706,3,219
2,192,0.263741858463816,3,410
2,192,0.0520630276494385,4,24
2,192,0.123283509628498,3,110
2,198,0.370612171725814,3,161
2,198,0.0128616264322898,4,68
2,214,0.0370613673367942,4,338
2,214,0.0354501585807918,3,280
2,214,0.0766063939328088,4,420
2,214,0.0464604295040965,3,273
2,214,0.0368396592910156,4,149
2,225,0.0229416658577473,3,331
2,232,0.156778061113077,3,458
2,232,0.0500807712222939,4,187
2,232,0.109177227362188,4,26
2,232,0.0648483979679701,4,247
2,232,0.126544258569256,3,33
2,232,0.0585808850770964,3,66
2,232,0.144315083588597,3,94
2,232,0.15100351236505,4,77
2,232,0.224054422841533,3,210
2,241,0.0996829324510163,3,460
2,241,0.108352500298448,3,217
2,241,0.0529755217575348,3,315
2,241,0.13942936229733,4,292
2,241,0.171687478607489,3,365
2,241,0.0400800997563761,4,362
2,241,0.116815359244251,3,381
2,262,0.113072815318214,3,475
2,262,0.114237524456733,3,107
2,262,0.224794091325351,3,19
2,262,0.117185138026095,3,129
2,262,0.107938172362911,4,192
2,262,0.0460605467685629,3,49
2,262,0.0560867445642007,3,481
2,262,0.0789446362314124,4,84
2,262,0.140478594517435,3,164
2,263,0.105031070815179,3,362
2,263,0.216314481976387,4,57
2,263,0.0491251246006045,4,426
2,263,0.100496673348224,4,459
2,263,0.0938137040153621,3,9
2,263,0.108221841996765,4,470
2,263,0.0651633271164084,4,80
2,263,0.121247414145071,4,378
2,263,0.0856903734703511,4,283
2,272,0.0856903734703511,4,211
2,274,0.0416192638933236,4,416
2,274,0.0719110617507882,4,327
2,274,0.18594644567161,3,497
2,274,0.00788491891689789,4,352
2,274,0.149485275999967,4,476
2,274,0.219797596806763,4,195
2,274,0.101570888295992,4,385
2,274,0.104109297618297,3,10
2,274,0.00993954246709468,4,367
2,280,0.0253170020470129,3,163
2,280,0.0706970000562726,3,51
2,280,0.022086680404812,4,285
2,280,0.0182746784440252,3,288
2,280,0.171339704920439,3,456
2,280,0.147963791291732,4,33
2,287,0.192130351153162,3,421
2,287,0.230390813167947,3,260
2,287,0.288793023965285,3,60
2,287,0.0949364938497189,3,223
2,287,0.218811610665551,4,289
2,287,0.119658173923825,4,379
2,287,0.133400014133813,4,410
2,287,0.0391421106696445,3,275
2,287,0.169406854613704,3,289
2,287,0.0124908930920855,4,185
2,293,0.0763509133241796,4,324
2,293,0.0187578498944886,4,481
2,293,0.112844389210975,3,105
2,293,0.0407218547773565,4,150
2,293,0.211150588094168,3,154
2,293,0.0796335072973363,4,84
2,293,0.120269600898132,3,146
2,295,0.143299025736247,3,374
2,295,0.0726440717817107,4,473
2,295,0.219995021522632,4,276
2,295,0.0393102860681121,3,122
2,295,0.0899767073479089,3,426
2,295,0.026961868605174,3,119
2,295,0.102370604249962,4,467
2,295,0.194476042798135,3,20
2,295,0.187007801449895,4,443
2,295,0.146390014425612,4,444
2,306,0.00552368737432476,3,494
2,306,0.0711755569924173,4,145
2,306,0.00925322686639671,4,45
2,306,0.000705528824185805,3,443
2,306,0.148074701211761,3,480
2,306,0.00786418460580427,3,187
2,306,0.125012577583568,3,384
2,306,0.0665614319098848,3,115
2,313,0.0284202933366296,4,434
2,313,0.0753942560697706,3,339
2,313,0.0498981712840573,4,275
2,313,0.0810339558410757,4,322
2,313,0.0876896836843557,4,349
2,319,0.247389369086117,3,45
2,319,0.110312487637495,4,141
2,333,0.0875926030339762,4,299
2,333,0.0592482540028012,3,392
2,333,0.0567288923003287,4,479
2,333,0.142411587580654,4,362
2,333,0.00692679203061289,4,391
2,337,0.116466145657526,3,220
2,337,0.149538508906208,3,233
2,337,0.160802974837733,4,370
2,337,0.111279562978825,4,205
2,337,0.0425934827216982,3,370
2,337,0.0462463468663708,3,146
2,342,0.0236869630855186,4,3
2,342,0.0546568175421153,4,409
2,342,0.125685699070468,3,53
2,342,0.0844566104556011,3,122
2,345,0.0233370035766084,3,485
2,345,0.160743285265078,4,212
2,350,0.0358208286994628,4,290
2,350,0.020168086005814,3,261
2,350,0.0761372676913564,4,230
2,350,0.0963953951681506,3,459
2,350,0.0368416795297144,4,152
2,350,0.111964977154951,4,248
2,350,0.0461545443920481,3,90
2,350,0.0392119780809918,3,437
2,353,0.0253983607976361,4,99
2,353,0.0985043345018388,3,182
2,353,0.0181413645815933,3,470
2,353,0.0152262867459359,3,447
2,353,0.158551764941875,3,262
2,353,0.182890585298685,3,25
2,353,0.16503158717833,4,60
2,362,0.170350187053465,3,72
2,362,0.137342278076277,4,114
2,362,0.021830561261023,4,59
2,362,0.130574204208673,3,134
2,362,0.0776801910433217,3,452
2,362,0.126010643168733,4,344
2,362,0.0765297133328418,4,134
2,362,0.153582609781399,4,406
2,362,0.0580127299018871,4,325
2,362,0.236284680787326,3,273
2,368,0.0916321733611802,4,228
2,368,0.135480689532168,3,253
2,368,0.0531558173660485,4,252
2,368,0.27167183785289,3,424
2,368,0.275981671004394,3,452
2,392,0.0776059399913988,4,209
2,392,0.0264182840673938,3,270
2,392,0.12478777132217,3,2
2,392,0.124550119957544,3,265
2,392,0.0716770922818446,3,298
2,392,0.151092001856232,3,439
2,392,0.0995373427535144,4,467
2,392,0.120794590375922,3,236
2,412,0.14602914107034,3,459
2,412,0.0819710612799667,4,289
2,412,0.181180058018489,3,488
2,412,0.204352613165281,3,333
2,412,0.210752090240583,4,119
2,412,0.024925221031399,4,325
2,412,0.161010215694382,4,494
2,412,0.0316521658237927,4,174
2,412,0.168346435421237,4,450
2,423,0.170327975440305,3,368
2,423,0.207217106816912,4,358
2,423,0.266017577545271,4,451
2,429,0.115696445385825,3,285
2,429,0.174298035358547,3,337
2,441,0.0175538119469672,3,450
2,441,0.040505728289944,4,191
2,441,0.0870938239657555,4,384
2,441,0.080929191431939,4,189
2,441,0.239639084050568,4,250
2,441,0.0843627596459159,3,117
2,442,0.0706932303180652,4,94
2,442,0.0267968539420863,4,1
2,442,0.0958163519300347,3,126
2,442,0.183639445633513,3,84
2,448,0.146162247797322,4,338
2,448,0.228910701346028,3,430
2,451,0.105159194186887,3,383
2,451,0.151308090925737,4,165
2,451,0.223577586179775,3,287
2,451,0.269429527749397,4,100
2,451,0.0675522845703932,4,184
2,451,0.0683442206254078,3,300
2,451,0.166917529146005,3,382
2,451,0.0133042285555184,3,147
2,453,0.229488215858716,3,231
2,453,0.0557031234567864,4,198
2,453,0.0352328677673416,4,42
2,453,0.196079800936283,4,25
2,453,0.0966719689327732,4,335
2,453,0.149889192251561,3,155
2,453,0.136232138510279,3,465
2,453,0.0326297192886963,4,198
2,457,0.141123587714109,3,139
2,457,0.202835034948765,3,498
2,459,0.0264163145479665,4,310
2,459,0.0823529126008803,3,437
2,459,0.0325253536788186,4,265
2,459,0.0832032622973383,3,50
2,459,0.00410041395526331,4,54
2,459,0.116424321043642,4,158
2,459,0.145284212947832,3,308
2,459,0.135557059626683,4,44
2,459,0.0790591152294148,4,487
2,462,0.0636280982768826,4,244
2,462,0.0809868368175277,3,195
2,462,0.201203134743479,3,397
2,462,0.15157372622447,4,238
2,462,0.148528658017833,3,447
2,462,0.15869264796098,3,84
2,462,0.0348558344239366,3,339
2,470,0.00345054490642732,3,96
2,470,0.0155414052762071,3,294
2,472,0.173897793553516,3,47
2,472,0.0609555603100489,3,4
2,472,0.161436872693415,3,497
2,472,0.0855859316854035,3,243
2,472,0.0361645312436758,4,436
2,472,0.0422663072527535,3,231
2,472,0.124580341584621,3,27
3,0,0.10732476730143,4,465
3,0,0.0527257712978883,4,382
3,0,0.161532398538684,4,410
3,0,0.177349149540114,4,460
3,0,0.0766813173385364,4,165
3,0,0.162879408391935,4,44
3,0,0.209254264142505,4,331
3,0,0.00757161213985039,4,401
3,1,0.083509022814772,4,152
3,1,0.292214239526533,4,452
3,1,0.0364269266388442,4,470
3,1,0.0776686042330465,4,198
3,6,0.065780659511037,4,207
3,6,0.132248333209067,4,4
3,6,0.160690394229641,4,434
3,6,0.0721989204831453,4,27
3,6,0.270286862158802,4,200
3,6,0.0103104973852843,4,112
3,6,0.117804313986491,4,28
3,6,0.054658786274918,4,97
3,14,0.072544188346294,4,479
3,14,0.0580112086784253,4,136
3,14,0.0083941478203731,4,494
3,14,0.23220356521449,4,87
3,14,0.148800861557018,4,292
3,14,0.185168189054868,4,416
3,14,0.124800247914099,4,236
3,14,0.0377397560197527,4,81
3,14,0.0711593808331372,4,281
3,18,0.00499110298827835,4,263
3,18,0.102597129849846,4,158
3,18,0.0942130430082794,4,379
3,18,0.068831602853488,4,322
3,18,0.0478853212650262,4,182
3,18,0.0420025915163744,4,105
3,18,0.0338294641685699,4,440
3,18,0.209770644202185,4,486
3,21,0.221695568719496,4,37
3,21,0.0878345112407519,4,153
3,21,0.196224917472071,4,140
3,21,0.0767730616996923,4,90
3,21,0.247177139699339,4,200
3,21,0.0720367729782747,4,208
3,21,0.0301580981170686,4,357
3,21,0.134398891672493,4,193
3,22,0.147228089202687,4,279
3,22,0.208791342632346,4,321
3,55,0.0915145416888426,4,290
3,55,0.0549669983102467,4,344
3,73,0.0194213502075756,4,284
3,73,0.054260199672969,4,144
3,73,0.12026012194064,4,373
3,73,0.035685644562208,4,236
3,73,0.0557904665091601,4,243
3,73,0.00522673685294783,4,314
3,73,0.19106399254659,4,103
3,73,0.00969628169511122,4,352
3,73,0.0717920800858749,4,198
3,74,0.119489869651362,4,236
3,74,0.111219191378989,4,154
3,74,0.0913100950759156,4,6
3,74,0.104260724618925,4,416
3,74,0.14608444032484,4,491
3,74,0.0743719033241304,4,219
3,82,0.139137265106933,4,13
3,82,0.0439603531131288,4,486
3,82,0.18331016177492,4,215
3,82,0.036652667008163,4,293
3,82,0.0252773209045228,4,272
3,82,0.145943994529665,4,71
3,82,0.0730782985055481,4,486
3,97,0.0484139717586889,4,428
3,97,0.160899550102953,4,276
3,97,0.0524555440819545,4,424
3,97,0.0203237007579706,4,336
3,97,0.10426429505991,4,96
3,97,0.0455842364693735,4,487
3,97,0.0336324040474983,4,241
3,97,0.062494294348299,4,253
3,121,0.258444770570775,4,191
3,121,0.148251635441119,4,250
3,121,0.150888355653041,4,174
3,121,0.261556628294098,4,153
3,121,0.0969710230441528,4,78
3,123,0.0634283841512891,4,19
3,139,0.00267778467738208,4,348
3,139,0.0469056199064807,4,395
3,139,0.128163962726749,4,248
3,139,0.183275154342121,4,219
3,143,0.0483949667002953,4,298
3,144,0.03151924344371,4,38
3,144,0.0180898465325703,4,97
3,144,0.0504412438778537,4,437
3,144,0.0895261088200926,4,258
3,144,0.000905803524947152,4,95
3,144,0.0903267642715986,4,330
3,144,0.139495727184585,4,347
3,157,0.120671069002625,4,44
3,157,0.0798895443726775,4,200
3,157,0.0895066743542852,4,137
3,157,0.165883077777286,4,273
3,157,0.0141303770745518,4,448
3,165,0.0848218783918858,4,496
3,165,0.0115505457692102,4,3
3,165,0.0775832823653199,4,5
3,165,0.230003219571538,4,23
3,165,0.187082444054591,4,200
3,165,0.0937357728920099,4,458
3,165,0.133027726455243,4,414
3,165,0.1842124622168,4,72
3,165,0.0235899021337646,4,285
3,190,0.239893008370858,4,61
3,190,0.138521919930974,4,215
3,190,0.177109703409477,4,191
3,190,0.110743590779893,4,27
3,194,0.0676198114503463,4,41
3,194,0.0646946711738877,4,158
3,199,0.13243958044264,4,169
3,209,0.182581179384284,4,160
3,209,0.216057412515296,4,171
3,209,0.0408076499324086,4,225
3,209,0.0473318458442537,4,355
3,209,0.099835633050292,4,417
3,209,0.0497779261732308,4,164
3,209,0.169547808650214,4,174
3,209,0.0570696290286105,4,226
3,209,0.056356393100201,4,397
3,209,0.012750853168992,4,324
3,223,0.0786189315574086,4,104
3,223,0.0191661003229586,4,288
3,223,0.12706973845873,4,189
3,223,0.25576516134631,4,129
3,245,0.0502921918116749,4,345
3,245,0.140552369415082,4,497
3,245,0.0443736264371039,4,64
3,245,0.143904274321099,4,99
3,245,0.124690094668565,4,264
3,245,0.230080859172356,4,220
3,245,0.105851676352907,4,67
3,245,0.0659210368762768,4,143
3,245,0.220276205432626,4,297
3,246,0.0666647213505667,4,412
3,246,0.271576855851639,4,466
3,246,0.164524455524831,4,473
3,246,0.0681140388272983,4,446
3,246,0.20550371839492,4,128
3,246,0.151310690261122,4,485
3,275,0.106440199675125,4,188
3,275,0.21781566791387,4,125
3,275,0.0388568410279906,4,193
3,297,0.0831198734594819,4,47
3,297,0.1422494401985,4,180
3,297,0.0609632175926834,4,10
3,312,0.0851948500371154,4,107
3,312,0.0592935762901589,4,472
3,313,0.0890255062404994,4,385
3,313,0.103557133588384,4,449
3,313,0.0273288878138897,4,112
3,313,0.104626766366908,4,137
3,313,0.177017282276774,4,100
3,313,0.0321628314565133,4,97
3,327,0.132719189697181,4,468
3,327,0.086326175683881,4,10
3,327,0.0670757339708036,4,158
3,327,0.122231249059716,4,289
3,327,0.0540959681814423,4,296
3,327,0.0629409487302682,4,277
3,327,0.05433793886194,4,111
3,327,0.0541212984091622,4,438
3,327,0,4,211
3,332,0.0544738387668733,4,224
3,332,0.034538711985794,4,219
3,332,0.0397721333303503,4,324
3,332,0.182030297963619,4,445
3,334,0.0279144797503055,4,467
3,334,0.182134607562767,4,265
3,334,0.0152633415477197,4,25
3,334,0.102176532178079,4,81
3,334,0.138949201791781,4,427
3,334,0.11517259061574,4,0
3,345,0.269047951169728,4,220
3,345,0.073134009584559,4,294
3,345,0.150841973518759,4,228
3,345,0.0410908975462558,4,198
3,345,0.139649473935678,4,138
3,364,0.171984353706215,4,376
3,364,0.109793442540896,4,230
3,364,0.132822137623735,4,268
3,364,0.0364163262770581,4,415
3,364,0.00393852767274127,4,271
3,364,0.119858521537347,4,180
3,364,0.217163584574284,4,85
3,364,0.10766665840849,4,235
3,368,0.0149787007330555,4,181
3,368,0.079778921733272,4,260
3,368,0.0730926427386977,4,470
3,368,0.0265605831224598,4,137
3,368,0.169426493908768,4,294
3,377,0.060134431287408,4,481
3,377,0.0438976092290297,4,416
3,377,0.00838156256695976,4,85
3,377,0.159108455315738,4,190
3,377,0.0222018966557559,4,157
3,377,0.000462079026628639,4,417
3,377,0.00403326255213166,4,409
3,377,0.131925976462188,4,299
3,385,0.106626340268627,4,289
3,385,0.0655974569514249,4,284
3,387,0.0673780326918054,4,152
3,387,0.181938004523611,4,291
3,387,0.0938286718570619,4,356
3,387,0.044224246031381,4,311
3,387,0.0715298463955727,4,93
3,387,0.0813832922294115,4,292
3,387,0.17794326012963,4,331
3,387,0.0426663059883852,4,120
3,387,0.0732449856471282,4,280
3,387,0.0728146603414224,4,387
3,403,0.0701187049506645,4,45
3,403,0.17009612864285,4,488
3,403,0.0219505285275055,4,146
3,405,0.210978116457723,4,82
3,405,0.191529812650489,4,124
3,405,0.191532020010506,4,129
3,405,0.042993887471956,4,34
3,408,0.0564747965141653,4,120
3,408,0.0898280808931878,4,279
3,408,0.0964757122113231,4,286
3,408,0.12083561532087,4,249
3,408,0.0816571782907156,4,379
3,413,0.140231771819941,4,193
3,413,0.0885433571270409,4,365
3,413,0.0294876644098142,4,10
3,413,0.124715086453736,4,70
3,413,0.147813022572478,4,193
3,415,0.0316764061157596,4,409
3,415,0.0875892177767962,4,482
3,415,0.19239771342282,4,308
3,415,0.239068171311086,4,418
3,415,0.252947884292182,4,75
3,415,0.107127419961357,4,32
3,415,0.207009855920032,4,133
3,415,0.0833961115821912,4,205
3,415,0.0916731338668365,4,44
3,436,0.0152001074201644,4,161
3,436,0.00836880163827807,4,338
3,436,0.153280280692378,4,204
3,436,0.1383839717227,4,437
3,436,0.0952795917700638,4,399
3,436,0.111937262239413,4,70
3,436,0.207010078104286,4,75
3,458,0.0576037522595323,4,165
3,458,0.00961941369036508,4,416
3,458,0.214647159136758,4,400
3,458,0.102852798430519,4,48
3,458,0.00396356484785236,4,352
3,481,0.115912573003106,4,215
3,481,0.160943636845423,4,137
3,481,0.0275972102877198,4,496
3,481,0.0502038861819404,4,46
3,481,0.156973199595778,4,145
3,482,0.142690652348702,4,242
3,482,0.126350109496644,4,364
3,482,0.210921724315886,4,382
3,482,0.0552687757599284,4,352
3,482,0.18349104326892,4,378
3,482,0.168414670207791,4,258
3,482,0.0142693389792725,4,7
3,482,0.287568694824639,4,474
3,482,0.0442283862646475,4,92
3,482,0.0724379884410198,4,416
3,488,0.126773483628871,4,299
3,488,0.0755932548913554,4,383
3,489,0.174611420364264,4,27
3,489,0.0532772807190721,4,153
3,489,0.106503545818378,4,429
3,489,0.0573499574505297,4,143
3,489,0.052330172600526,4,317
3,489,0.145728240089259,4,420
3,489,0.112189166022289,4,27
3,489,0.117048148454618,4,165
3,489,0.0413451301235573,4,356
